Time, roll, rollrate, rollDesired, rollError, pitch, pitchRate, pitchDesired, pitchError, yaw, yawRate, yawDesired, yawError, throttle
0.490003,0.0123910303673,0.487804466018,0,-0.0123910303673,-0.212009135703,-0.792682257279,0,0.212009135703,-0.11454775128,1.2804867233,-0.0,0.11454775128,1.0
0.582446,0.0651465193262,0.487804466018,0,-0.0651465193262,-0.316033501155,-0.670731140774,0,0.316033501155,-0.230201805889,1.15853560679,-0.0,0.230201805889,1.0
0.679103,0.114980944432,0.304877791261,0,-0.114980944432,-0.38078960708,-0.853657815531,0,0.38078960708,-0.350085599519,1.34146228155,-0.0,0.350085599519,1.0
0.776509,0.115292693527,0.243902233009,0,-0.115292693527,-0.537946057578,-0.853657815531,0,0.537946057578,-0.459943105796,1.21951116504,-0.0,0.459943105796,1.0
0.873195,0.158542628472,0.54878002427,0,-0.158542628472,-0.657909039617,-0.670731140774,0,0.657909039617,-0.575854931089,1.2804867233,-0.0,0.575854931089,1.0
0.971122,0.146576491158,0.304877791261,0,-0.146576491158,-0.805277885458,-0.853657815531,0,0.805277885458,-0.691671715684,1.2804867233,-0.0,0.691671715684,1.0
1.068445,0.117449154472,0.487804466018,0,-0.117449154472,-0.934961030049,-0.670731140774,0,0.934961030049,-0.80613645867,1.03658449029,-0.0,0.80613645867,1.0
1.165916,0.0280919091922,0.182926674757,0,-0.0280919091922,-1.2515410961,-0.609755582522,0,1.2515410961,-0.91902537247,1.21951116504,-0.0,0.91902537247,1.0
1.263211,-0.0907680993744,0.487804466018,0,0.0907680993744,-1.55335427666,-0.853657815531,0,1.55335427666,-1.03144854682,1.03658449029,-0.0,1.03144854682,1.0
1.360943,-0.237896441462,0.365853349513,0,0.237896441462,-1.82520902269,-0.609755582522,0,1.82520902269,-1.15081811722,1.2804867233,-0.0,1.15081811722,1.0
1.458977,-0.387046078035,0.365853349513,0,0.387046078035,-2.11308633511,-1.03658449029,0,2.11308633511,-1.27257827075,1.4024378398,-0.0,1.27257827075,1.0
1.556995,-0.514031239223,0.304877791261,0,0.514031239223,-2.37026172725,-0.609755582522,0,2.37026172725,-1.38820344657,1.03658449029,-0.0,1.38820344657,1.0
1.654236,-0.603030335719,0.426828907765,0,0.603030335719,-2.49248514531,-0.54878002427,0,2.49248514531,-1.50521456801,1.15853560679,-0.0,1.50521456801,1.0
1.752062,-0.659588794849,0.304877791261,0,0.659588794849,-2.51814000979,-0.609755582522,0,2.51814000979,-1.61738912954,1.09756004854,-0.0,1.61738912954,1.0
1.849761,-0.689901266041,0.487804466018,0,0.689901266041,-2.59530036415,-0.731706699026,0,2.59530036415,-1.73508621132,1.34146228155,-0.0,1.73508621132,1.0
1.947574,-0.774190517298,0.243902233009,0,0.774190517298,-2.68977857068,-0.670731140774,0,2.68977857068,-1.84752610219,1.21951116504,-0.0,1.84752610219,1.0
2.045143,-0.761919812463,0.304877791261,0,0.761919812463,-2.74116073438,-0.792682257279,0,2.74116073438,-1.96193478709,1.09756004854,-0.0,1.96193478709,1.0
2.142755,-0.846801269598,0.426828907765,0,0.846801269598,-2.73888631706,-0.670731140774,0,2.73888631706,-2.08178869464,1.34146228155,-0.0,2.08178869464,1.0
2.240307,-0.812474674177,0.304877791261,0,0.812474674177,-2.75765072409,-0.731706699026,0,2.75765072409,-2.19751392961,1.2804867233,-0.0,2.19751392961,1.0
2.337913,-0.892794154928,0.426828907765,0,0.892794154928,-2.7152603575,-0.54878002427,0,2.7152603575,-2.31077924863,1.09756004854,-0.0,2.31077924863,1.0
2.435792,-0.853690117359,0.365853349513,0,0.853690117359,-2.6975040104,-0.792682257279,0,2.6975040104,-2.42690552322,1.03658449029,-0.0,2.42690552322,1.0
2.533563,-0.840089042076,0.365853349513,0,0.840089042076,-2.64110519859,-0.792682257279,0,2.64110519859,-2.54497730575,1.09756004854,-0.0,2.54497730575,1.0
2.630874,-0.832328711809,0.426828907765,0,0.832328711809,-2.6518657438,-0.792682257279,0,2.6518657438,-2.66459604921,1.34146228155,-0.0,2.66459604921,1.0
2.728889,-0.914875667767,0.54878002427,0,0.914875667767,-2.66186389239,-0.731706699026,0,2.66186389239,-2.77849133601,1.2804867233,-0.0,2.77849133601,1.0
2.826484,-0.874741334301,0.54878002427,0,0.874741334301,-2.56973839491,-0.670731140774,0,2.56973839491,-2.88811452176,0.975608932035,-0.0,2.88811452176,1.0
2.923739,-0.781272751944,0.426828907765,0,0.781272751944,-2.57035908857,-0.670731140774,0,2.57035908857,-3.003406392,1.09756004854,-0.0,3.003406392,1.0
3.021108,-0.824973153307,0.365853349513,0,0.824973153307,-2.64585954185,-0.853657815531,0,2.64585954185,-3.11799273997,1.09756004854,-0.0,3.11799273997,1.0
3.118935,-0.867014017438,0.487804466018,0,0.867014017438,-2.59873545954,-0.853657815531,0,2.59873545954,-3.23820787762,1.2804867233,-0.0,3.23820787762,1.0
3.216655,-0.805261693041,0.487804466018,0,0.805261693041,-2.65568158647,-0.853657815531,0,2.65568158647,-3.35177367633,1.21951116504,-0.0,3.35177367633,1.0
3.314476,-0.744584022587,0.487804466018,0,0.744584022587,-2.63166532714,-0.670731140774,0,2.63166532714,-3.47278232718,1.15853560679,-0.0,3.47278232718,1.0
3.412664,-0.745390651087,0.0609755582522,0,0.745390651087,-2.7041012846,-0.792682257279,0,2.7041012846,-3.58669332789,1.15853560679,-0.0,3.58669332789,1.0
3.51023,-0.808734298796,0.487804466018,0,0.808734298796,-2.71772681694,-0.731706699026,0,2.71772681694,-3.7038431464,1.21951116504,-0.0,3.7038431464,1.0
3.607926,-0.859151472898,0.243902233009,0,0.859151472898,-2.6804297663,-0.731706699026,0,2.6804297663,-3.82002757075,1.03658449029,-0.0,3.82002757075,1.0
3.7056,-0.857193766897,0.609755582522,0,0.857193766897,-2.6106025717,-0.54878002427,0,2.6106025717,-3.93400929478,1.15853560679,-0.0,3.93400929478,1.0
3.803027,-0.915625370821,0.365853349513,0,0.915625370821,-2.58072828477,-0.670731140774,0,2.58072828477,-4.05054558134,1.15853560679,-0.0,4.05054558134,1.0
3.900836,-0.850353766758,0.487804466018,0,0.850353766758,-2.66294146831,-0.609755582522,0,2.66294146831,-4.1674804388,1.34146228155,-0.0,4.1674804388,1.0
3.998289,-0.832702952451,0.487804466018,0,0.832702952451,-2.71622043996,-0.670731140774,0,2.71622043996,-4.2841374841,1.21951116504,-0.0,4.2841374841,1.0
4.096142,-0.747195204863,0.182926674757,0,0.747195204863,-2.67905560634,-0.792682257279,0,2.67905560634,-4.39844155685,1.21951116504,-0.0,4.39844155685,1.0
4.193755,-0.798970638264,0.304877791261,0,0.798970638264,-2.69009592478,-0.914633373783,0,2.69009592478,-4.51510157395,1.21951116504,-0.0,4.51510157395,1.0
4.291442,-0.853761263761,0.609755582522,0,0.853761263761,-2.6704530221,-0.853657815531,0,2.6704530221,-4.63456876897,1.21951116504,-0.0,4.63456876897,1.0
4.388943,-0.836328198998,0.487804466018,0,0.836328198998,-2.62452576588,-0.853657815531,0,2.62452576588,-4.74887755871,1.21951116504,-0.0,4.74887755871,1.0
4.486444,-0.882923281741,0.426828907765,0,0.882923281741,-2.67013635088,-0.609755582522,0,2.67013635088,-4.87018210447,1.09756004854,-0.0,4.87018210447,1.0
4.584309,-0.891427423206,0.426828907765,0,0.891427423206,-2.70341902326,-0.731706699026,0,2.70341902326,-4.98933728791,1.21951116504,-0.0,4.98933728791,1.0
4.681696,-0.878135575765,0.426828907765,0,0.878135575765,-2.65877198649,-0.731706699026,0,2.65877198649,-5.10120831691,1.15853560679,-0.0,5.10120831691,1.0
4.779508,-0.931203214973,0.487804466018,0,0.931203214973,-2.60713942856,-0.792682257279,0,2.60713942856,-5.21968246049,1.03658449029,-0.0,5.21968246049,1.0
4.876696,-0.830145055406,0.487804466018,0,0.830145055406,-2.63028538748,-0.792682257279,0,2.63028538748,-5.33593585476,1.21951116504,-0.0,5.33593585476,1.0
4.974593,-0.813457192924,0.365853349513,0,0.813457192924,-2.71546958564,-0.853657815531,0,2.71546958564,-5.44885973953,1.09756004854,-0.0,5.44885973953,1.0
5.072412,-0.730588913183,0.365853349513,0,0.730588913183,-2.71844620335,-0.853657815531,0,2.71844620335,-5.56878302121,1.4024378398,-0.0,5.56878302121,1.0
5.169768,-0.841591302051,0.243902233009,0,0.841591302051,-2.63703551207,-0.792682257279,0,2.63703551207,-5.68085000865,1.2804867233,-0.0,5.68085000865,1.0
5.267943,-0.779622310411,0.426828907765,0,0.779622310411,-2.66494449401,-1.03658449029,0,2.66494449401,-5.80072521362,1.34146228155,-0.0,5.80072521362,1.0
5.365781,-0.835154318341,0.609755582522,0,0.835154318341,-2.61541851042,-0.914633373783,0,2.61541851042,-5.92294694347,1.4024378398,-0.0,5.92294694347,1.0
5.461076,-0.847820590458,0.54878002427,0,0.847820590458,-2.71779933051,-0.609755582522,0,2.71779933051,-6.04445753803,1.21951116504,-0.0,6.04445753803,1.0
5.559292,-0.855008350307,0.182926674757,0,0.855008350307,-2.66014232525,-0.792682257279,0,2.66014232525,-6.1554048064,1.09756004854,-0.0,6.1554048064,1.0
5.657063,-0.823977201626,0.304877791261,0,0.823977201626,-2.6457059581,-0.853657815531,0,2.6457059581,-6.27251858837,1.21951116504,-0.0,6.27251858837,1.0
5.75587,-0.857765610824,0.243902233009,0,0.857765610824,-2.66251486211,-0.609755582522,0,2.66251486211,-6.39433646705,1.15853560679,-0.0,6.39433646705,1.0
5.853533,-0.927534976284,0.487804466018,0,0.927534976284,-2.66213005183,-0.792682257279,0,2.66213005183,-6.51301164273,1.21951116504,-0.0,6.51301164273,1.0
5.952238,-0.864731022918,0.365853349513,0,0.864731022918,-2.68817948992,-0.853657815531,0,2.68817948992,-6.61999764939,1.2804867233,-0.0,6.61999764939,1.0
6.05009,-0.909438028409,0.304877791261,0,0.909438028409,-2.56959040431,-0.792682257279,0,2.56959040431,-6.73274735517,1.21951116504,-0.0,6.73274735517,1.0
6.14807,-0.954793131434,0.304877791261,0,0.954793131434,-2.6142805671,-0.853657815531,0,2.6142805671,-6.84790580247,1.15853560679,-0.0,6.84790580247,1.0
6.24641,-0.777407219859,0.426828907765,0,0.777407219859,-2.68578147663,-0.792682257279,0,2.68578147663,-6.96147248285,1.2804867233,-0.0,6.96147248285,1.0
6.344806,-0.750613546127,0.243902233009,0,0.750613546127,-2.69939615345,-0.731706699026,0,2.69939615345,-7.07994236794,1.2804867233,-0.0,7.07994236794,1.0
6.442577,-0.800237527937,0.426828907765,0,0.800237527937,-2.60727407964,-0.792682257279,0,2.60727407964,-7.19768688493,1.15853560679,-0.0,7.19768688493,1.0
6.540737,-0.761085377791,0.304877791261,0,0.761085377791,-2.64354216727,-0.914633373783,0,2.64354216727,-7.3156863001,1.34146228155,-0.0,7.3156863001,1.0
6.639058,-0.805787781115,0.426828907765,0,0.805787781115,-2.66344688296,-0.670731140774,0,2.66344688296,-7.43593360128,1.15853560679,-0.0,7.43593360128,1.0
6.737139,-0.834392508062,0.304877791261,0,0.834392508062,-2.57737509126,-0.792682257279,0,2.57737509126,-7.55282885366,1.34146228155,-0.0,7.55282885366,1.0
6.835325,-0.866060810502,0.365853349513,0,0.866060810502,-2.5486189666,-1.03658449029,0,2.5486189666,-7.665926,1.21951116504,-0.0,7.665926,1.0
6.933359,-0.889265847401,0.426828907765,0,0.889265847401,-2.61501777015,-0.853657815531,0,2.61501777015,-7.77690855926,1.15853560679,-0.0,7.77690855926,1.0
7.031506,-0.909059127802,0.426828907765,0,0.909059127802,-2.61915396177,-0.609755582522,0,2.61915396177,-7.90075733244,1.2804867233,-0.0,7.90075733244,1.0
7.129842,-0.809698135304,0.426828907765,0,0.809698135304,-2.69343326297,-0.670731140774,0,2.69343326297,-8.01673481949,1.2804867233,-0.0,8.01673481949,1.0
7.227815,-0.743885069873,0.426828907765,0,0.743885069873,-2.79179887366,-0.792682257279,0,2.79179887366,-8.13281098658,1.2804867233,-0.0,8.13281098658,1.0
7.326015,-0.818857405123,0.487804466018,0,0.818857405123,-2.77281209788,-0.792682257279,0,2.77281209788,-8.25028692667,1.15853560679,-0.0,8.25028692667,1.0
7.424507,-0.707505145368,0.426828907765,0,0.707505145368,-2.8088846994,-0.54878002427,0,2.8088846994,-8.36520165182,1.21951116504,-0.0,8.36520165182,1.0
7.522669,-0.747039832086,0.426828907765,0,0.747039832086,-2.870868701,-0.731706699026,0,2.870868701,-8.48279252235,1.15853560679,-0.0,8.48279252235,1.0
7.620833,-0.697036448485,0.121951116504,0,0.697036448485,-2.79266605354,-0.853657815531,0,2.79266605354,-8.5978122068,1.21951116504,-0.0,8.5978122068,1.0
7.719148,-0.755677826684,0.54878002427,0,0.755677826684,-2.7180912638,-0.670731140774,0,2.7180912638,-8.71186931531,1.21951116504,-0.0,8.71186931531,1.0
7.817114,-0.869077330725,0.487804466018,0,0.869077330725,-2.75224825794,-0.792682257279,0,2.75224825794,-8.83301772823,1.09756004854,-0.0,8.83301772823,1.0
7.915314,-0.805531957614,0.304877791261,0,0.805531957614,-2.71720307718,-0.792682257279,0,2.71720307718,-8.94763144921,1.21951116504,-0.0,8.94763144921,1.0
8.013419,-0.852614281428,0.365853349513,0,0.852614281428,-2.70688220217,-0.731706699026,0,2.70688220217,-9.05537284021,1.15853560679,-0.0,9.05537284021,1.0
8.11191,-0.828186998687,0.365853349513,0,0.828186998687,-2.67851436515,-0.853657815531,0,2.67851436515,-9.16783112083,1.2804867233,-0.0,9.16783112083,1.0
8.210062,-0.858505758629,0.182926674757,0,0.858505758629,-2.77129893011,-0.792682257279,0,2.77129893011,-9.28129987272,1.03658449029,-0.0,9.28129987272,1.0
8.308274,-0.857380483389,0.487804466018,0,0.857380483389,-2.68533385317,-0.609755582522,0,2.68533385317,-9.3958779065,1.15853560679,-0.0,9.3958779065,1.0
8.406668,-0.889661102437,0.365853349513,0,0.889661102437,-2.63807176104,-0.792682257279,0,2.63807176104,-9.50838987624,1.21951116504,-0.0,9.50838987624,1.0
8.504893,-0.799429911983,0.609755582522,0,0.799429911983,-2.67650978469,-0.792682257279,0,2.67650978469,-9.62305424726,1.2804867233,-0.0,9.62305424726,1.0
8.60321,-0.814632485246,0.243902233009,0,0.814632485246,-2.66351532045,-0.731706699026,0,2.66351532045,-9.741887657,1.21951116504,-0.0,9.741887657,1.0
8.70106,-0.906114173571,0.426828907765,0,0.906114173571,-2.67879131429,-0.792682257279,0,2.67879131429,-9.85959860364,1.15853560679,-0.0,9.85959860364,1.0
8.799163,-0.87228557453,0.487804466018,0,0.87228557453,-2.71987818571,-0.731706699026,0,2.71987818571,-9.97261975785,1.15853560679,-0.0,9.97261975785,1.0
8.897291,-0.797656661469,0.426828907765,0,0.797656661469,-2.7370226727,-0.914633373783,0,2.7370226727,-10.0898907861,1.21951116504,-0.0,10.0898907861,1.0
8.995109,-0.829122629887,0.487804466018,0,0.829122629887,-2.65316374217,-0.54878002427,0,2.65316374217,-10.1984943937,1.09756004854,-0.0,10.1984943937,1.0
9.09324,-0.825933882909,0.365853349513,0,0.825933882909,-2.64379826573,-0.609755582522,0,2.64379826573,-10.3139694491,1.15853560679,-0.0,10.3139694491,1.0
9.191567,-0.817860076503,0.304877791261,0,0.817860076503,-2.61388015045,-0.670731140774,0,2.61388015045,-10.4231579368,1.21951116504,-0.0,10.4231579368,1.0
9.289531,-0.807625188395,0.426828907765,0,0.807625188395,-2.70441480442,-0.670731140774,0,2.70441480442,-10.5390926176,1.15853560679,-0.0,10.5390926176,1.0
9.387487,-0.760161206783,0.304877791261,0,0.760161206783,-2.68184729886,-0.670731140774,0,2.68184729886,-10.6533277078,1.15853560679,-0.0,10.6533277078,1.0
9.485556,-0.846667757253,0.365853349513,0,0.846667757253,-2.68971517771,-0.914633373783,0,2.68971517771,-10.769719027,1.2804867233,-0.0,10.769719027,1.0
9.583547,-0.793598000228,0.365853349513,0,0.793598000228,-2.6689918685,-0.853657815531,0,2.6689918685,-10.8875406145,1.03658449029,-0.0,10.8875406145,1.0
9.682003,-0.827234756973,0.54878002427,0,0.827234756973,-2.70914900927,-0.731706699026,0,2.70914900927,-11.0036340213,1.03658449029,-0.0,11.0036340213,1.0
9.779525,-0.704337073912,0.426828907765,0,0.704337073912,-2.6153860161,-0.853657815531,0,2.6153860161,-11.1212785095,1.34146228155,-0.0,11.1212785095,1.0
9.877598,-0.831425107489,0.304877791261,0,0.831425107489,-2.57879388273,-0.731706699026,0,2.57879388273,-11.2414192059,1.21951116504,-0.0,11.2414192059,1.0
9.975548,-0.750063208343,0.304877791261,0,0.750063208343,-2.59724996381,-0.853657815531,0,2.59724996381,-11.3629690936,1.15853560679,-0.0,11.3629690936,1.0
10.073849,-0.758351804036,0.54878002427,0,0.758351804036,-2.63211978806,-0.670731140774,0,2.63211978806,-11.4800075928,1.09756004854,-0.0,11.4800075928,1.0
10.171921,-0.800884570403,0.365853349513,0,0.800884570403,-2.60416161287,-0.792682257279,0,2.60416161287,-11.5961580319,1.09756004854,-0.0,11.5961580319,1.0
10.270031,-0.827735964195,0.304877791261,0,0.827735964195,-2.58052852314,-0.792682257279,0,2.58052852314,-11.7104729045,1.09756004854,-0.0,11.7104729045,1.0
10.368225,-0.862160539995,0.304877791261,0,0.862160539995,-2.66489965583,-0.792682257279,0,2.66489965583,-11.8301992411,0.975608932035,-0.0,11.8301992411,1.0
10.466877,-0.784452514207,0.426828907765,0,0.784452514207,-2.68879399304,-0.975608932035,0,2.68879399304,-11.9443453891,1.15853560679,-0.0,11.9443453891,1.0
10.564969,-0.790490077325,0.182926674757,0,0.790490077325,-2.76183550261,-0.670731140774,0,2.76183550261,-12.0633112446,1.15853560679,-0.0,12.0633112446,1.0
10.663145,-0.780255248951,0.54878002427,0,0.780255248951,-2.69440415182,-0.792682257279,0,2.69440415182,-12.18117882,1.21951116504,-0.0,12.18117882,1.0
10.761472,-0.845582693146,0.426828907765,0,0.845582693146,-2.66509593735,-0.853657815531,0,2.66509593735,-12.2932871134,1.2804867233,-0.0,12.2932871134,1.0
10.859608,-0.813942321458,0.609755582522,0,0.813942321458,-2.68112872544,-0.609755582522,0,2.68112872544,-12.4062165077,1.09756004854,-0.0,12.4062165077,1.0
10.957706,-0.756163957636,0.243902233009,0,0.756163957636,-2.76110401784,-0.792682257279,0,2.76110401784,-12.52693344,1.34146228155,-0.0,12.52693344,1.0
11.055988,-0.823636850017,0.609755582522,0,0.823636850017,-2.75550099771,-0.792682257279,0,2.75550099771,-12.6348434153,0.914633373783,-0.0,12.6348434153,1.0
11.154279,-0.78923730193,-1.64634007281,0,0.78923730193,-2.62516634403,0.853657815531,0,2.62516634403,-12.7489174993,1.03658449029,-0.0,12.7489174993,1.2
11.252687,-0.548754105701,2.98780235436,0,0.548754105701,-2.70224376651,-2.43902233009,0,2.70224376651,-12.8356599665,0.792682257279,-0.0,12.8356599665,1.2
11.350731,-0.546080265137,0.975608932035,0,0.546080265137,-2.80024619364,-1.34146228155,0,2.80024619364,-12.8901332489,0.54878002427,-0.0,12.8901332489,1.2
11.448837,-0.659796105699,-3.59755793688,0,0.659796105699,-2.87036920596,-0.792682257279,0,2.87036920596,-12.9106953273,0.0,-0.0,12.9106953273,1.2
11.546869,-0.777594503639,1.03658449029,0,0.777594503639,-2.73201931897,2.49999788834,0,2.73201931897,-12.8533161808,-1.70731563106,-0.0,12.8533161808,1.2
11.64482,-0.950735918986,-2.74390012135,0,0.950735918986,-2.61433664193,3.47560682038,0,2.61433664193,-12.7525908664,-1.76829118931,-0.0,12.7525908664,1.2
11.742825,-0.795028732466,3.10975347086,0,0.795028732466,-2.41506155758,5.54877580095,0,2.41506155758,-12.5816547933,-1.09756004854,-0.0,12.5816547933,1.2
11.841021,-0.687478376234,-3.41463126212,0,0.687478376234,-2.48942907706,0.54878002427,0,2.48942907706,-12.4544297933,-1.21951116504,-0.0,12.4544297933,1.2
11.939392,-0.712041798527,1.4024378398,0,0.712041798527,-2.43213206007,-8.90243150482,0,2.43213206007,-12.1471476561,-4.75609354367,-0.0,12.1471476561,1.2
12.038137,-0.604991394855,3.96341128639,0,0.604991394855,-2.27233321036,-6.21950694172,0,2.27233321036,-11.8835542941,-3.65853349513,-0.0,11.8835542941,1.2
12.136648,-0.341027686418,2.6829245631,0,0.341027686418,-2.47124406912,-7.07316475726,0,2.47124406912,-11.5592441464,-4.51219131066,-0.0,11.5592441464,1.2
12.23497,-0.479158738414,-2.13414453883,0,0.479158738414,-2.46857051543,-3.47560682038,0,2.46857051543,-11.1903778583,-1.52438895631,-0.0,11.1903778583,1.2
12.333275,-0.355503213843,-1.46341339805,0,0.355503213843,-2.54493130393,-8.84145594657,0,2.54493130393,-10.858043847,-5.06097133493,-0.0,10.858043847,1.2
12.431282,-0.0839131385246,6.76828696599,0,0.0839131385246,-2.6201334037,-2.6829245631,0,2.6201334037,-10.4322705135,-4.87804466018,-0.0,10.4322705135,1.2
12.529496,-0.160165415752,0.914633373783,0,0.160165415752,-2.75846632247,-3.47560682038,0,2.75846632247,-9.8728067102,-6.70731140774,-0.0,9.8728067102,1.2
12.627469,-0.321282211384,-5.42682468445,0,0.321282211384,-2.65162506843,-4.2073135194,0,2.65162506843,-9.42696621087,-5.30487356794,-0.0,9.42696621087,1.2
12.725673,-0.154234602058,2.01219342232,0,0.154234602058,-2.5874076923,-11.0365760436,0,2.5874076923,-9.00768636257,-4.51219131066,-0.0,9.00768636257,1.2
12.823558,-0.0439435656441,2.37804677184,0,0.0439435656441,-2.47098426476,2.98780235436,0,2.47098426476,-8.6337406719,-4.2073135194,-0.0,8.6337406719,1.2
12.921747,-0.0832362893402,1.89024230582,0,0.0832362893402,-2.53145284179,-6.09755582522,0,2.53145284179,-8.13042919298,-4.32926463591,-0.0,8.13042919298,1.2
13.020084,0.0715888461124,1.89024230582,0,-0.0715888461124,-2.68654018886,-11.8902338592,0,2.68654018886,-7.55818928248,-5.54877580095,-0.0,7.55818928248,1.2
13.118352,0.358104823914,-2.01219342232,0,-0.358104823914,-3.00149570323,5.18292245144,0,3.00149570323,-7.06076773868,-4.63414242717,-0.0,7.06076773868,1.2
13.216669,0.237349942331,1.82926674757,0,-0.237349942331,-2.98315941293,-7.49999366502,0,2.98315941293,-6.5711013222,-5.42682468445,-0.0,6.5711013222,1.2
13.315185,0.280888234994,-0.243902233009,0,-0.280888234994,-2.93589688481,7.68292033978,0,2.93589688481,-6.11970630926,-5.67072691745,-0.0,6.11970630926,1.2
13.413463,0.232870999877,0.792682257279,0,-0.232870999877,-3.06839262542,-6.09755582522,0,3.06839262542,-5.68340724007,-3.41463126212,-0.0,5.68340724007,1.2
13.511558,0.270858237186,2.74390012135,0,-0.270858237186,-3.12744376833,4.75609354367,0,3.12744376833,-5.28180226964,-3.84146016989,-0.0,5.28180226964,1.2
13.609622,0.353053209311,4.14633796115,0,-0.353053209311,-3.29550882349,-5.91462915046,0,3.29550882349,-4.9110106454,-2.98780235436,-0.0,4.9110106454,1.2
13.707644,0.310538837352,-1.64634007281,0,-0.310538837352,-3.32603408328,-5.91462915046,0,3.32603408328,-4.57453528904,-2.13414453883,-0.0,4.57453528904,1.2
13.805726,0.170113926275,2.25609565533,0,-0.170113926275,-3.29495448786,4.26828907765,0,3.29495448786,-4.22280491226,-1.82926674757,-0.0,4.22280491226,1.2
13.903761,0.21909397409,-0.853657815531,0,-0.21909397409,-3.28983292086,0.0,0,3.28983292086,-3.9445889001,1.58536451456,-0.0,3.9445889001,1.2
14.00191,0.282365029735,-2.13414453883,0,-0.282365029735,-3.23336153385,1.64634007281,0,3.23336153385,-3.61958109841,-0.914633373783,-0.0,3.61958109841,1.2
14.100129,0.252918029515,-1.52438895631,0,-0.252918029515,-3.40236816081,3.41463126212,0,3.40236816081,-3.38769967264,-1.21951116504,-0.0,3.38769967264,1.2
14.198437,0.301649470295,3.10975347086,0,-0.301649470295,-3.46487080509,0.54878002427,0,3.46487080509,-3.1427474038,-3.10975347086,-0.0,3.1427474038,1.2
14.296612,0.287425768957,6.76828696599,0,-0.287425768957,-3.35134321244,-0.304877791261,0,3.35134321244,-2.94710194132,-4.0853624029,-0.0,2.94710194132,1.2
14.394553,0.340183176366,6.03658026697,0,-0.340183176366,-3.3129661037,0.731706699026,0,3.3129661037,-2.77702783068,-2.62194900484,-0.0,2.77702783068,1.2
14.493038,0.35590100106,3.71950905338,0,-0.35590100106,-3.29202415371,2.43902233009,0,3.29202415371,-2.66401895818,-0.121951116504,-0.0,2.66401895818,1.2
14.59128,0.291385030749,0.54878002427,0,-0.291385030749,-3.25842917251,5.4878002427,0,3.25842917251,-2.5857955146,-0.731706699026,-0.0,2.5857955146,1.2
14.689092,0.136232507662,5.06097133493,0,-0.136232507662,-3.40860402284,3.90243572814,0,3.40860402284,-2.52132957495,-0.914633373783,-0.0,2.52132957495,1.2
14.78719,0.162127478677,-0.243902233009,0,-0.162127478677,-3.53173997449,7.13414031551,0,3.53173997449,-2.55908038424,3.96341128639,-0.0,2.55908038424,1.2
14.885439,0.215312565612,-0.182926674757,0,-0.215312565612,-3.54197927704,8.10974924754,0,3.54197927704,-2.56090120897,1.4024378398,-0.0,2.56090120897,1.2
14.98371,0.140035716706,2.86585123785,0,-0.140035716706,-3.50841379403,1.82926674757,0,3.50841379403,-2.5755588717,-0.609755582522,-0.0,2.5755588717,1.2
15.081965,0.302581355883,-0.304877791261,0,-0.302581355883,-3.61644797428,3.96341128639,0,3.61644797428,-2.67239516459,3.04877791261,-0.0,2.67239516459,1.2
15.180343,0.337149714646,0.304877791261,0,-0.337149714646,-3.58696845973,0.243902233009,0,3.58696845973,-2.77498693225,0.731706699026,-0.0,2.77498693225,1.2
15.27846,0.415275367956,2.62194900484,0,-0.415275367956,-3.73232029254,-0.365853349513,0,3.73232029254,-2.92647802916,1.03658449029,-0.0,2.92647802916,1.2
15.376349,0.522843952461,5.67072691745,0,-0.522843952461,-3.91535184426,-4.87804466018,0,3.91535184426,-3.09198146358,1.64634007281,-0.0,3.09198146358,1.2
15.474541,0.3871395192,1.09756004854,0,-0.3871395192,-3.82395362969,0.121951116504,0,3.82395362969,-3.25256939713,0.487804466018,-0.0,3.25256939713,1.2
15.572906,0.394198757432,2.86585123785,0,-0.394198757432,-3.97498225929,-2.62194900484,0,3.97498225929,-3.42036709098,-0.121951116504,-0.0,3.42036709098,1.2
15.670903,0.440687522292,2.8048756796,0,-0.440687522292,-4.1951815655,-3.23170458737,0,4.1951815655,-3.62371166697,1.15853560679,-0.0,3.62371166697,1.2
15.768857,0.560333878571,4.57316686892,0,-0.560333878571,-4.4779364362,-0.304877791261,0,4.4779364362,-3.83585166349,1.52438895631,-0.0,3.83585166349,1.2
15.867143,0.652308426452,2.98780235436,0,-0.652308426452,-4.62586498668,-0.243902233009,0,4.62586498668,-4.04779983417,3.23170458737,-0.0,4.04779983417,1.2
15.965291,0.700058184417,3.10975347086,0,-0.700058184417,-4.72276752347,-0.54878002427,0,4.72276752347,-4.22559973147,3.90243572814,-0.0,4.22559973147,1.2
16.06345,0.712422561924,3.78048461164,0,-0.712422561924,-4.73112856013,-0.731706699026,0,4.73112856013,-4.39325038611,3.59755793688,-0.0,4.39325038611,1.2
16.161473,0.704568395294,0.182926674757,0,-0.704568395294,-4.64080425342,-0.304877791261,0,4.64080425342,-4.55806044339,2.8048756796,-0.0,4.55806044339,1.2
16.259628,0.67302844131,0.121951116504,0,-0.67302844131,-4.72678217517,-0.670731140774,0,4.72678217517,-4.74530418569,2.31707121358,-0.0,4.74530418569,1.2
16.357484,0.62686867071,-1.52438895631,0,-0.62686867071,-4.79451766043,-1.52438895631,0,4.79451766043,-4.91336592719,1.21951116504,-0.0,4.91336592719,1.2
16.45551,0.586535814835,-2.49999788834,0,-0.586535814835,-4.77301824371,-4.57316686892,0,4.77301824371,-5.12581524337,-2.37804677184,-0.0,5.12581524337,1.2
16.553643,0.481141698566,-0.792682257279,0,-0.481141698566,-4.74878902999,-5.06097133493,0,4.74878902999,-5.33561832757,0.0,-0.0,5.33561832757,1.2
16.651546,0.405326572625,-2.43902233009,0,-0.405326572625,-4.71747678645,-5.24389800969,0,4.71747678645,-5.52453866737,1.03658449029,-0.0,5.52453866737,1.2
16.749668,0.483103962079,1.64634007281,0,-0.483103962079,-4.5110369417,-0.853657815531,0,4.5110369417,-5.68535117978,2.43902233009,-0.0,5.68535117978,1.2
16.848066,0.586506703757,0.365853349513,0,-0.586506703757,-4.53231618783,3.35365570387,0,4.53231618783,-5.8577126161,3.65853349513,-0.0,5.8577126161,1.2
16.946471,0.479704274475,5.97560470872,0,-0.479704274475,-4.6946316982,-1.64634007281,0,4.6946316982,-6.02999659733,1.03658449029,-0.0,6.02999659733,1.2
17.044655,0.513784196484,4.45121575241,0,-0.513784196484,-4.68596869499,-2.6829245631,0,4.68596869499,-6.14664654757,-2.19512009708,-0.0,6.14664654757,1.2
17.14301,0.404990053634,-1.46341339805,0,-0.404990053634,-4.58100949157,2.98780235436,0,4.58100949157,-6.28275349115,1.70731563106,-0.0,6.28275349115,1.2
17.241398,0.393156254652,-3.23170458737,0,-0.393156254652,-4.55680130835,8.84145594657,0,4.55680130835,-6.3462670369,1.34146228155,-0.0,6.3462670369,1.2
17.339719,0.470940457707,-1.15853560679,0,-0.470940457707,-4.698437302,-4.02438684465,0,4.698437302,-6.42824282812,0.182926674757,-0.0,6.42824282812,1.2
17.437955,0.55202043971,-4.81706910192,0,-0.55202043971,-4.70148319706,-5.4878002427,0,4.70148319706,-6.49623237032,-1.09756004854,-0.0,6.49623237032,1.2
17.536205,0.567858992983,2.43902233009,0,-0.567858992983,-4.62818268611,2.62194900484,0,4.62818268611,-6.58154772613,1.70731563106,-0.0,6.58154772613,1.2
17.634393,0.711557039878,8.47560259706,0,-0.711557039878,-4.52124791477,-0.0609755582522,0,4.52124791477,-6.6193568245,-1.70731563106,-0.0,6.6193568245,1.2
17.732359,0.566250746705,-1.82926674757,0,-0.566250746705,-4.54493021407,-3.10975347086,0,4.54493021407,-6.67155915246,0.0,-0.0,6.67155915246,1.2
17.83041,0.536820018415,-2.49999788834,0,-0.536820018415,-4.34236681562,-2.01219342232,0,4.34236681562,-6.72266076306,3.10975347086,-0.0,6.72266076306,1.2
17.928335,0.537849792324,0.365853349513,0,-0.537849792324,-4.30056266544,3.41463126212,0,4.30056266544,-6.7700275412,-1.34146228155,-0.0,6.7700275412,1.2
18.026599,0.529219571132,2.25609565533,0,-0.529219571132,-4.3717006946,-2.25609565533,0,4.3717006946,-6.81668962832,-1.2804867233,-0.0,6.81668962832,1.2
18.124548,0.580542745022,2.56097344659,0,-0.580542745022,-4.4206527224,-3.71950905338,0,4.4206527224,-6.83996714991,2.86585123785,-0.0,6.83996714991,1.2
18.223324,0.516727122663,-3.41463126212,0,-0.516727122663,-4.38132821575,-1.09756004854,0,4.38132821575,-6.82079790317,-0.792682257279,-0.0,6.82079790317,1.2
18.321754,0.589287255941,2.98780235436,0,-0.589287255941,-4.38074635407,-1.76829118931,0,4.38074635407,-6.8538241141,-1.95121786407,-0.0,6.8538241141,1.2
18.420136,0.622781916808,1.09756004854,0,-0.622781916808,-4.35858651442,3.78048461164,0,4.35858651442,-6.82630940009,1.58536451456,-0.0,6.82630940009,1.2
18.518282,0.52059187487,0.304877791261,0,-0.52059187487,-4.36745666923,-4.32926463591,0,4.36745666923,-6.75780156869,0.609755582522,-0.0,6.75780156869,1.2
18.616518,0.377789120647,-3.90243572814,0,-0.377789120647,-4.37749131886,-3.23170458737,0,4.37749131886,-6.71971508441,-0.426828907765,-0.0,6.71971508441,1.2
18.714457,0.602495667227,4.87804466018,0,-0.602495667227,-4.34325824482,7.012189199,0,4.34325824482,-6.69811286464,-1.09756004854,-0.0,6.69811286464,1.2
18.812113,0.639753883396,2.98780235436,0,-0.639753883396,-4.5009643438,-2.98780235436,0,4.5009643438,-6.67755985769,-1.15853560679,-0.0,6.67755985769,1.2
18.910291,0.673850721014,-9.20730929608,0,-0.673850721014,-4.38225258954,-1.95121786407,0,4.38225258954,-6.64995974109,1.58536451456,-0.0,6.64995974109,1.2
19.008688,0.733463369281,2.13414453883,0,-0.733463369281,-4.28386465591,0.914633373783,0,4.28386465591,-6.5636949394,1.15853560679,-0.0,6.5636949394,1.2
19.106919,0.770191268636,7.37804254852,0,-0.770191268636,-4.29488757083,2.37804677184,0,4.29488757083,-6.50780513898,-3.35365570387,-0.0,6.50780513898,1.2
19.20485,0.834383895553,-1.58536451456,0,-0.834383895553,-4.4157919613,-2.49999788834,0,4.4157919613,-6.52656722461,-1.64634007281,-0.0,6.52656722461,1.2
19.303073,0.858902272275,-2.01219342232,0,-0.858902272275,-4.58287519552,-3.71950905338,0,4.58287519552,-6.51708076918,2.62194900484,-0.0,6.51708076918,1.2
19.401667,0.746432683074,-4.32926463591,0,-0.746432683074,-4.44108337798,3.90243572814,0,4.44108337798,-6.42750004432,0.853657815531,-0.0,6.42750004432,1.2
19.499729,0.782489218628,6.21950694172,0,-0.782489218628,-4.44337868968,0.304877791261,0,4.44337868968,-6.36367679684,-3.78048461164,-0.0,6.36367679684,1.2
19.59781,0.79623352372,-0.731706699026,0,-0.79623352372,-4.36025516257,-2.19512009708,0,4.36025516257,-6.36404681753,-0.487804466018,-0.0,6.36404681753,1.2
19.696007,0.819459839101,-4.02438684465,0,-0.819459839101,-4.42445598806,-1.89024230582,0,4.42445598806,-6.31671773002,1.52438895631,-0.0,6.31671773002,1.2
19.794035,0.794032805104,-0.731706699026,0,-0.794032805104,-4.39761693933,1.89024230582,0,4.39761693933,-6.23127803572,0.243902233009,-0.0,6.23127803572,1.2
19.892396,0.770389035631,2.98780235436,0,-0.770389035631,-4.38539963285,-0.853657815531,0,4.38539963285,-6.18277371201,-1.82926674757,-0.0,6.18277371201,1.2
19.99063,0.773915135,4.57316686892,0,-0.773915135,-4.52949130758,-2.56097344659,0,4.52949130758,-6.14456652125,-2.37804677184,-0.0,6.14456652125,1.2
20.088971,0.785705847001,-0.243902233009,0,-0.785705847001,-4.51308759803,-1.03658449029,0,4.51308759803,-6.10895300409,1.58536451456,-0.0,6.10895300409,1.2
20.187191,0.792747333393,-2.43902233009,0,-0.792747333393,-4.47783642874,5.12194689319,0,4.47783642874,-6.07532629886,0.731706699026,-0.0,6.07532629886,1.2
20.285438,0.82477454439,0.609755582522,0,-0.82477454439,-4.53809016436,-8.4146270388,0,4.53809016436,-6.0494836315,-1.46341339805,-0.0,6.0494836315,1.2
20.383631,0.87550241399,-3.59755793688,0,-0.87550241399,-4.52989638676,-4.57316686892,0,4.52989638676,-6.02210877346,-1.4024378398,-0.0,6.02210877346,1.2
20.481881,0.997673090278,3.29268014562,0,-0.997673090278,-4.54820407265,0.792682257279,0,4.54820407265,-6.02332228878,-0.0609755582522,-0.0,6.02332228878,1.2
20.579965,0.990562644577,4.2073135194,0,-0.990562644577,-4.63600077873,4.2073135194,0,4.63600077873,-5.98502401538,0.670731140774,-0.0,5.98502401538,1.2
20.678385,1.00439913244,6.21950694172,0,-1.00439913244,-4.6580572071,1.21951116504,0,4.6580572071,-5.93790026874,0.0609755582522,-0.0,5.93790026874,1.2
20.776383,0.944076892793,0.243902233009,0,-0.944076892793,-4.6944375717,-2.8048756796,0,4.6944375717,-5.87911943387,-2.43902233009,-0.0,5.87911943387,1.2
20.874708,0.952795303895,-3.35365570387,15,14.0472046961,-4.45705940746,3.65853349513,15,19.4570594075,-5.88476369762,-0.54878002427,-0.0,5.88476369762,1.2
20.973059,3.06360093953,39.0243572814,15,11.9363990605,-2.2890430634,44.7560597571,15,17.2890430634,-5.81814255702,1.21951116504,-0.0,5.81814255702,1.2
21.070811,9.66329579294,100.853573349,15,5.33670420706,4.17679537797,76.5853011648,15,10.823204622,-5.97427259291,6.28048249998,-0.0,5.97427259291,1.2
21.16865,17.7363060613,67.5609185434,15,-2.73630606127,12.9585330167,70.9755498056,15,2.04146698333,-7.24725211357,-0.121951116504,-0.0,7.24725211357,1.2
21.266617,21.0125304652,4.14633796115,15,-6.01253046523,17.1130948762,2.56097344659,15,-2.11309487617,-8.15536145761,-0.182926674757,-0.0,8.15536145761,1.2
21.364397,18.4846920927,-36.8292371843,15,-3.48469209275,14.8319923312,-36.3414327183,15,0.168007668781,-7.24120663466,-3.96341128639,-0.0,7.24120663466,1.2
21.462415,15.5692310851,-22.6219321116,15,-0.569231085107,11.6773090704,-15.1829140048,15,3.32269092963,-6.1433949389,-4.14633796115,-0.0,6.1433949389,1.2
21.560341,15.2398225667,10.7316982524,15,-0.239822566685,11.1279833883,5.36584912619,15,3.87201661169,-5.6433644938,-2.74390012135,-0.0,5.6433644938,1.2
21.658428,16.2242936602,2.37804677184,15,-1.22429366018,11.8879280446,0.426828907765,15,3.11207195544,-5.34452247549,-5.06097133493,-0.0,5.34452247549,1.2
21.757191,16.1575155623,-3.35365570387,15,-1.15751556234,11.2896224772,-3.84146016989,15,3.71037752278,-4.78664857101,-4.32926463591,-0.0,4.78664857101,1.2
21.855037,16.1397947555,-2.37804677184,15,-1.13979475552,11.5153675071,4.63414242717,15,3.48463249287,-4.32569140083,-3.71950905338,-0.0,4.32569140083,1.2
21.953315,15.7847429807,0.121951116504,15,-0.784742980733,11.698911748,8.71950483007,15,3.30108825205,-3.7849499436,-5.85365359221,-0.0,3.7849499436,1.2
22.051632,15.6388779162,4.81706910192,15,-0.638877916176,11.7435820857,-0.243902233009,15,3.25641791426,-3.20634228847,-4.51219131066,-0.0,3.20634228847,1.2
22.14989,15.6384486366,0.609755582522,15,-0.638448636645,11.638769641,-2.19512009708,15,3.36123035898,-2.56214896591,-4.93902021843,-0.0,2.56214896591,1.2
22.24783,15.7272016137,-5.97560470872,15,-0.727201613725,11.6623442675,2.13414453883,15,3.33765573249,-1.89749626602,-5.91462915046,-0.0,1.89749626602,1.2
22.34606,15.7501918885,-6.82926252425,15,-0.750191888499,11.7042165262,1.09756004854,15,3.29578347383,-1.24741816948,-6.70731140774,-0.0,1.24741816948,1.2
22.444357,15.5597685792,-5.4878002427,15,-0.559768579213,11.7641639111,3.35365570387,15,3.23583608889,-0.578688397157,-5.73170247571,-0.0,0.578688397157,1.2
22.5425,15.5608063882,-7.25609143201,15,-0.560806388182,11.8261883748,5.4878002427,15,3.17381162516,0.113401218285,-5.12194689319,-0.0,-0.113401218285,1.2
22.640864,15.729112299,2.74390012135,15,-0.729112298995,11.7952987976,-1.46341339805,15,3.20470120241,0.794445820912,-7.43901810677,-0.0,-0.794445820912,1.2
22.739045,15.8246879294,-4.2073135194,15,-0.824687929383,11.8042084173,3.65853349513,15,3.19579158265,1.53893331326,-8.4146270388,-0.0,-1.53893331326,1.2
22.837485,15.884052504,-4.99999577668,15,-0.884052503977,11.6580785521,8.59755371356,15,3.34192144788,2.26346081086,-6.21950694172,-0.0,-2.26346081086,1.2
22.935437,15.9189227859,0.426828907765,15,-0.918922785893,11.5858965853,-4.93902021843,15,3.41410341465,2.96310214216,-6.76828696599,-0.0,-2.96310214216,1.2
23.033739,15.5123627239,-0.487804466018,15,-0.512362723918,11.8790455901,7.86584701453,15,3.12095440986,3.66500878138,-4.81706910192,-0.0,-3.66500878138,1.2
23.131929,15.4019521055,-3.29268014562,15,-0.401952105495,11.9339413394,3.53658237863,15,3.06605866059,4.29690847004,-7.68292033978,-0.0,-4.29690847004,1.2
23.230483,15.521983257,-3.04877791261,15,-0.521983256959,11.824075607,-1.82926674757,15,3.17592439302,4.92785636041,-7.56096922327,-0.0,-4.92785636041,1.2
23.328584,15.6688257603,1.64634007281,15,-0.668825760252,11.8284990186,4.2073135194,15,3.17150098137,5.54941889717,-7.74389589803,-0.0,-5.54941889717,1.2
23.42666,15.355774181,0.609755582522,15,-0.355774180969,12.0940577457,0.304877791261,15,2.90594225431,6.18102359552,-3.90243572814,-0.0,-6.18102359552,1.2
23.524561,14.9973510763,-9.8170648786,15,0.00264892367416,12.3132752938,4.0853624029,15,2.68672470616,6.88474457057,-6.8902380825,-0.0,-6.88474457057,1.2
23.622653,14.8680358752,-0.792682257279,15,0.13196412483,12.5488249757,3.41463126212,15,2.45117502433,7.51224751112,-4.87804466018,-0.0,-7.51224751112,1.2
23.720952,14.8173388042,-2.98780235436,15,0.182661195798,12.7140080142,4.99999577668,15,2.28599198582,8.00756963819,-6.95121364075,-0.0,-8.00756963819,1.2
23.818728,15.0495128599,8.65852927181,15,-0.0495128598706,12.6737593099,-5.18292245144,15,2.32624069012,8.52778589904,-4.87804466018,-0.0,-8.52778589904,1.2
23.917019,15.1437620838,5.97560470872,15,-0.143762083761,12.6588883442,-3.17072902911,15,2.34111165579,8.95743565189,-4.26828907765,-0.0,-8.95743565189,1.2
24.015037,15.0901068645,-4.93902021843,15,-0.090106864484,12.745031561,0.975608932035,15,2.25496843903,9.39085441191,-2.86585123785,-0.0,-9.39085441191,1.2
24.112961,14.9371276664,-0.487804466018,15,0.0628723336402,12.8213834123,-0.426828907765,15,2.17861658768,9.71701637586,-4.63414242717,-0.0,-9.71701637586,1.2
24.210989,14.9171893434,-1.70731563106,15,0.0828106565772,12.9101191097,-4.99999577668,15,2.08988089035,9.98000508133,-3.17072902911,-0.0,-9.98000508133,1.2
24.309064,14.925383399,-1.76829118931,15,0.0746166009765,12.9414769834,-0.975608932035,15,2.05852301663,10.2229813289,-3.17072902911,-0.0,-10.2229813289,1.2
24.407349,14.8610589376,-3.53658237863,15,0.138941062428,12.9813810238,-0.243902233009,15,2.01861897625,10.4551206651,-1.64634007281,-0.0,-10.4551206651,1.2
24.505211,14.9740219341,0.670731140774,15,0.0259780659308,12.8941359719,0.0609755582522,15,2.10586402808,10.6324618445,-0.487804466018,-0.0,-10.6324618445,1.2
24.603455,15.0560156699,-0.121951116504,15,-0.0560156698891,13.0505257159,-0.243902233009,15,1.94947428411,10.6658363759,0.975608932035,-0.0,-10.6658363759,1.2
24.701329,15.0466430242,-3.29268014562,15,-0.0466430241859,13.0700149487,-0.487804466018,15,1.9299850513,10.7032421232,1.46341339805,-0.0,-10.7032421232,1.2
24.799329,15.1495904005,7.56096922327,15,-0.149590400542,13.0321250758,-4.57316686892,15,1.96787492421,10.6877535181,1.89024230582,-0.0,-10.6877535181,1.2
24.897357,15.1322254618,5.18292245144,15,-0.1322254618,12.9711692598,-1.15853560679,15,2.0288307402,10.6300981619,0.609755582522,-0.0,-10.6300981619,1.2
24.995764,15.0692674594,4.75609354367,15,-0.0692674593601,12.9563206369,-1.95121786407,15,2.04367936313,10.5858099445,0.54878002427,-0.0,-10.5858099445,1.2
25.093987,14.9914683112,-0.792682257279,15,0.00853168880609,13.0424714236,4.26828907765,15,1.95752857638,10.4389402393,-0.426828907765,-0.0,-10.4389402393,1.2
25.192023,14.9212699817,-3.53658237863,15,0.0787300183442,13.058470867,5.54877580095,15,1.94152913298,10.3281401548,0.731706699026,-0.0,-10.3281401548,1.2
25.290086,14.8732000415,-6.40243361648,15,0.126799958491,13.1752300595,4.0853624029,15,1.82476994046,10.0808805939,1.2804867233,-0.0,-10.0808805939,1.2
25.388128,15.0127205719,-4.14633796115,15,-0.012720571898,13.2182725651,-0.792682257279,15,1.7817274349,9.87743494627,0.670731140774,-0.0,-9.87743494627,1.2
25.485734,15.0094374069,-1.89024230582,15,-0.00943740692685,13.169190151,-3.29268014562,15,1.83080984904,9.68022003591,1.52438895631,-0.0,-9.68022003591,1.2
25.583951,15.0996327574,-1.09756004854,15,-0.0996327573593,13.1295060713,-4.14633796115,15,1.87049392868,9.45774686373,-0.0609755582522,-0.0,-9.45774686373,1.2
25.682333,15.0306267975,-2.98780235436,15,-0.0306267974924,13.1942659395,-1.70731563106,15,1.80573406049,9.22409327814,1.2804867233,-0.0,-9.22409327814,1.2
25.780237,14.9972272184,-2.31707121358,15,0.00277278160826,13.2111606314,-3.29268014562,15,1.78883936856,9.01555131393,2.31707121358,-0.0,-9.01555131393,1.2
25.878283,14.9198002476,3.17072902911,15,0.0801997524416,13.2457693201,-4.69511798542,15,1.75423067992,8.78413921679,0.731706699026,-0.0,-8.78413921679,1.2
25.976268,14.8362468363,-0.792682257279,15,0.163753163715,13.2730650992,-1.46341339805,15,1.72693490077,8.56319488575,0.853657815531,-0.0,-8.56319488575,1.2
26.074206,14.7272648621,-2.07316898057,15,0.272735137858,13.2575219099,-0.365853349513,15,1.74247809006,8.36461314788,2.56097344659,-0.0,-8.36461314788,1.2
26.172259,14.6760601947,1.70731563106,15,0.323939805255,13.190466538,-2.43902233009,15,1.80953346204,8.15533584703,0.975608932035,-0.0,-8.15533584703,1.2
26.270491,14.6614770213,1.46341339805,15,0.338522978742,13.3376678954,-1.15853560679,15,1.66233210462,7.88848635538,0.426828907765,-0.0,-7.88848635538,1.2
26.368522,14.7722138614,8.04877368929,15,0.227786138587,13.2845776115,-4.99999577668,15,1.71542238852,7.664029708,-0.243902233009,-0.0,-7.664029708,1.2
26.466868,14.7886757972,1.03658449029,15,0.21132420284,13.1751134379,-1.03658449029,15,1.82488656214,7.47323136333,2.25609565533,-0.0,-7.47323136333,1.2
26.564412,14.7155196231,5.4878002427,15,0.284480376923,13.261113464,-4.45121575241,15,1.73888653599,7.25056897151,2.49999788834,-0.0,-7.25056897151,1.2
26.662814,14.7912872935,-1.15853560679,15,0.208712706485,13.1230894919,-4.75609354367,15,1.87691050814,7.04909857302,2.31707121358,-0.0,-7.04909857302,1.2
26.761052,14.7111829589,-10.6097471359,15,0.288817041056,13.225262058,3.29268014562,15,1.77473794199,6.83693046221,3.04877791261,-0.0,-6.83693046221,1.2
26.858919,14.5720963354,0.0609755582522,15,0.427903664622,13.4007370808,2.07316898057,15,1.5992629192,6.63295184173,0.975608932035,-0.0,-6.63295184173,1.2
26.957349,14.671812038,8.71950483007,15,0.328187962008,13.2645082845,-3.47560682038,15,1.7354917155,6.50181992066,1.09756004854,-0.0,-6.50181992066,1.2
27.055238,14.6569980384,1.58536451456,15,0.343001961589,13.2874715576,-4.81706910192,15,1.71252844236,6.30605723241,2.01219342232,-0.0,-6.30605723241,1.2
27.153433,14.5875519442,-9.45121152909,15,0.412448055798,13.2571809599,3.35365570387,15,1.74281904012,6.13326497829,1.34146228155,-0.0,-6.13326497829,1.2
27.251614,14.5057626395,-2.62194900484,15,0.494237360492,13.2570711825,7.25609143201,15,1.74292881746,6.07862431835,1.2804867233,-0.0,-6.07862431835,1.2
27.349875,14.5455902089,7.86584701453,15,0.454409791144,13.4047343958,0.243902233009,15,1.59526560419,5.94194136706,0.731706699026,-0.0,-5.94194136706,1.2
27.44796,14.7134309122,3.71950905338,15,0.286569087773,13.2911955584,-10.3658449029,15,1.70880444162,5.74788814957,-0.487804466018,-0.0,-5.74788814957,1.2
27.5458,14.7926330518,2.37804677184,15,0.207366948182,13.1427476029,-8.71950483007,15,1.8572523971,5.5403859844,0.670731140774,-0.0,-5.5403859844,1.2
27.643582,14.6999912496,1.89024230582,15,0.300008750441,13.126438738,-2.13414453883,15,1.87356126205,5.42223554566,0.914633373783,-0.0,-5.42223554566,1.2
27.741802,14.4878663611,-4.02438684465,15,0.51213363894,13.2296337246,-0.121951116504,15,1.77036627537,5.42725421101,0.0,-0.0,-5.42725421101,1.2
27.840263,14.5168579487,0.609755582522,15,0.483142051282,13.1402917211,-5.97560470872,15,1.85970827889,5.4635948487,0.975608932035,-0.0,-5.4635948487,1.2
27.938354,14.409129778,0.0609755582522,15,0.590870222039,13.1064329641,-2.25609565533,15,1.89356703595,5.50027525927,-0.853657815531,-0.0,-5.50027525927,1.2
28.036244,14.5658411579,0.243902233009,15,0.434158842067,12.9875053488,-1.09756004854,15,2.01249465118,5.53536209054,-0.304877791261,-0.0,-5.53536209054,1.2
28.13456,14.7835674994,6.34145805823,15,0.216432500621,12.5739184269,-11.8292583009,15,2.42608157312,5.50127394933,0.792682257279,-0.0,-5.50127394933,1.2
28.232132,14.8222518229,-2.8048756796,15,0.177748177078,12.5059752336,-5.36584912619,15,2.49402476643,5.39746616649,1.2804867233,-0.0,-5.39746616649,1.2
28.329507,15.0245705827,7.43901810677,15,-0.0245705827326,12.4326638527,-3.59755793688,15,2.56733614727,5.19846835171,0.609755582522,-0.0,-5.19846835171,1.2
28.427073,14.920533035,0.182926674757,15,0.0794669649644,12.3968003508,-6.40243361648,15,2.60319964916,5.11473155222,-1.52438895631,-0.0,-5.11473155222,1.2
28.523459,14.9855550531,5.6097513592,15,0.014444946904,12.2040591532,-10.9146249271,15,2.79594084682,5.13267885752,-0.731706699026,-0.0,-5.13267885752,1.2
28.620645,15.0951368071,-1.21951116504,15,-0.095136807123,11.9990293111,-6.70731140774,15,3.00097068887,5.12300834615,-0.243902233009,-0.0,-5.12300834615,1.2
28.717463,15.2186503646,4.69511798542,15,-0.218650364621,11.9556182293,-4.51219131066,15,3.04438177075,5.01309363413,0.426828907765,-0.0,-5.01309363413,1.2
28.814349,15.1809111137,-0.121951116504,15,-0.180911113718,11.978480677,-1.89024230582,15,3.02151932303,4.99238345242,-0.243902233009,-0.0,-4.99238345242,1.2
28.911165,15.3381866745,6.09755582522,15,-0.33818667446,11.852359674,-7.62194478153,15,3.147640326,4.93906410892,-0.0609755582522,-0.0,-4.93906410892,1.2
29.007957,15.2752525427,0.182926674757,15,-0.275252542734,11.7704070306,-7.25609143201,15,3.22959296939,5.01822144956,-1.34146228155,-0.0,-5.01822144956,1.2
29.10481,15.2329855104,-6.82926252425,15,-0.232985510415,11.7625737592,0.365853349513,15,3.23742624078,5.03052869063,-0.609755582522,-0.0,-5.03052869063,1.2
29.202056,15.1962911918,1.70731563106,15,-0.196291191825,11.8317080728,-1.58536451456,15,3.16829192724,5.0856959184,1.09756004854,-0.0,-5.0856959184,1.2
29.299205,14.9413658329,-5.12194689319,15,0.0586341670776,12.1256827517,6.8902380825,15,2.87431724828,5.11918867824,0.121951116504,-0.0,-5.11918867824,1.2
29.396405,14.7541638671,3.59755793688,15,0.245836132949,12.3905435356,-0.182926674757,15,2.60945646436,5.16552453976,-0.487804466018,-0.0,-5.16552453976,1.2
29.49347,14.7513159462,-2.86585123785,15,0.248684053833,12.5239239665,-1.03658449029,15,2.47607603353,5.26288761233,-1.21951116504,-0.0,-5.26288761233,1.2
29.590297,14.5584523005,-5.36584912619,15,0.441547699517,12.5943723976,-0.731706699026,15,2.40562760245,5.31115238347,-0.670731140774,-0.0,-5.31115238347,1.2
29.687566,14.5385907731,3.35365570387,15,0.461409226937,12.7016247682,-0.426828907765,15,2.29837523177,5.32668200816,-0.670731140774,-0.0,-5.32668200816,1.2
29.784454,14.4151611267,-0.914633373783,15,0.584838873306,12.7369642919,-4.0853624029,15,2.26303570811,5.39734431053,-1.82926674757,-0.0,-5.39734431053,1.2
29.881257,14.3050890421,3.41463126212,15,0.694910957898,12.6435209707,-9.20730929608,15,2.35647902933,5.42825139069,-0.0609755582522,-0.0,-5.42825139069,1.2
29.978071,14.3372293846,-2.56097344659,15,0.662770615432,12.5141943967,-3.35365570387,15,2.48580560331,5.44578657209,0.0609755582522,-0.0,-5.44578657209,1.2
30.075023,14.614982139,9.45121152909,15,0.38501786105,12.6093006978,-6.03658026697,15,2.39069930225,5.28639386348,0.304877791261,-0.0,-5.28639386348,1.2
30.17256,14.5332237365,1.03658449029,15,0.466776263543,12.784652964,2.13414453883,15,2.21534703599,5.25233946175,-1.21951116504,-0.0,-5.25233946175,1.2
30.269667,14.3484258664,0.243902233009,15,0.651574133606,13.0338491927,-1.52438895631,15,1.96615080725,5.16793574542,0.731706699026,-0.0,-5.16793574542,1.2
30.366855,14.2577394536,-0.426828907765,15,0.742260546365,13.0668418949,0.121951116504,15,1.93315810509,5.10126083926,2.01219342232,-0.0,-5.10126083926,1.2
30.463747,14.3148319814,-7.31706699026,15,0.685168018612,12.9293184052,8.10974924754,15,2.07068159483,5.05716941293,1.4024378398,-0.0,-5.05716941293,1.2
30.561857,14.6874907205,7.56096922327,0,-14.6874907205,12.9099985961,-0.243902233009,0,-12.9099985961,4.90969483388,2.13414453883,-0.0,-4.90969483388,1.2
30.659963,13.9254313989,-12.1341360922,0,-13.9254313989,12.0238454598,-21.768274296,0,-12.0238454598,5.04546489076,0.670731140774,-0.0,-5.04546489076,1.2
30.758105,11.2851527317,-46.8292287377,0,-11.2851527317,8.76586531879,-40.9755751455,0,-8.76586531879,5.53378835497,2.31707121358,-0.0,-5.53378835497,1.2
30.85632,6.30717445525,-46.5243509464,0,-6.30717445525,3.25892106049,-52.1950778639,0,-3.25892106049,5.98403453345,0.914633373783,-0.0,-5.98403453345,1.2
30.954333,1.77659242174,-32.9877770144,0,-1.77659242174,-1.16603304176,-22.8658343446,0,1.16603304176,5.91171792223,1.58536451456,-0.0,-5.91171792223,1.2
31.052831,1.45692536615,16.8292540776,0,-1.45692536615,-1.44614951482,13.8414517233,0,1.44614951482,5.62168800709,3.23170458737,-0.0,-5.62168800709,1.2
31.150941,2.4664168978,0.182926674757,0,-2.4664168978,-0.397945201005,0.792682257279,0,0.397945201005,5.34602220745,3.35365570387,-0.0,-5.34602220745,1.2
31.249182,2.34224033993,-0.670731140774,0,-2.34224033993,-1.03818931494,-4.14633796115,0,1.03818931494,5.0467364886,3.53658237863,-0.0,-5.0467364886,1.2
31.34749,2.78329936709,4.26828907765,0,-2.78329936709,-0.988014716504,-1.09756004854,0,0.988014716504,4.74235288389,5.30487356794,-0.0,-4.74235288389,1.2
31.445833,2.70808589352,-4.75609354367,0,-2.70808589352,-1.20243488474,2.6829245631,0,1.20243488474,4.38825896075,3.23170458737,-0.0,-4.38825896075,1.2
31.544095,2.66748318829,1.52438895631,0,-2.66748318829,-0.973811434994,-4.26828907765,0,0.973811434994,3.91813118577,6.28048249998,-0.0,-3.91813118577,1.2
31.642128,2.49580654576,-1.21951116504,0,-2.49580654576,-1.07957111632,5.54877580095,0,1.07957111632,3.52082807498,3.29268014562,-0.0,-3.52082807498,1.2
31.74016,2.63532622437,1.2804867233,0,-2.63532622437,-0.920156867907,-5.6097513592,0,0.920156867907,3.01392577617,4.93902021843,-0.0,-3.01392577617,1.2
31.838114,2.63018435659,0.609755582522,0,-2.63018435659,-0.985218626612,1.64634007281,0,0.985218626612,2.53840266201,4.99999577668,-0.0,-2.53840266201,1.2
31.93618,2.75980990656,4.81706910192,0,-2.75980990656,-1.01902463669,-1.82926674757,0,1.01902463669,2.05328523616,3.84146016989,-0.0,-2.05328523616,1.2
32.034136,2.70257621208,-3.84146016989,0,-2.70257621208,-0.949427907144,-3.17072902911,0,0.949427907144,1.49384826894,6.76828696599,-0.0,-1.49384826894,1.2
32.132406,2.76511736925,0.792682257279,0,-2.76511736925,-0.89944692614,1.70731563106,0,0.89944692614,0.94602964754,7.62194478153,-0.0,-0.94602964754,1.2
32.230465,2.72010088734,2.31707121358,0,-2.72010088734,-0.874948566298,4.81706910192,0,0.874948566298,0.441863119723,3.23170458737,-0.0,-0.441863119723,1.2
32.328561,2.84383212272,3.53658237863,0,-2.84383212272,-1.04362881478,-3.23170458737,0,1.04362881478,-0.106874605592,3.53658237863,-0.0,0.106874605592,1.2
32.42659,3.08595142877,4.0853624029,0,-3.08595142877,-1.14743903223,-8.96340706307,0,1.14743903223,-0.644592216432,4.75609354367,-0.0,0.644592216432,1.2
32.524657,3.06686518932,2.37804677184,0,-3.06686518932,-1.28803461823,-12.3170627669,0,1.28803461823,-1.21239170892,4.69511798542,-0.0,1.21239170892,1.2
32.622815,3.06659151495,3.23170458737,0,-3.06659151495,-1.25952574665,-12.3780383252,0,1.25952574665,-1.7778387362,6.58536029124,-0.0,1.7778387362,1.2
32.721372,2.88443690109,1.46341339805,0,-2.88443690109,-1.23851065323,-10.1219426699,0,1.23851065323,-2.34613203535,7.07316475726,-0.0,2.34613203535,1.2
32.819042,2.82900380313,1.4024378398,0,-2.82900380313,-1.07124264059,-5.06097133493,0,1.07124264059,-2.88312775857,5.6097513592,-0.0,2.88312775857,1.2
32.917221,2.7893698705,1.4024378398,0,-2.7893698705,-1.18012369578,-6.64633584949,0,1.18012369578,-3.44234144537,5.85365359221,-0.0,3.44234144537,1.2
33.015302,2.95579171232,1.46341339805,0,-2.95579171232,-1.40354041692,-11.8292583009,0,1.40354041692,-3.95622716132,4.39024019416,-0.0,3.95622716132,1.2
33.113464,2.92673140029,2.62194900484,0,-2.92673140029,-1.37411515914,3.96341128639,0,1.37411515914,-4.45648463541,4.14633796115,-0.0,4.45648463541,1.2
33.211738,2.86260035655,-1.46341339805,0,-2.86260035655,-1.14280389799,2.98780235436,0,1.14280389799,-4.99160638952,5.4878002427,-0.0,4.99160638952,1.2
33.309931,2.70937617261,2.25609565533,0,-2.70937617261,-1.10034517906,-4.0853624029,0,1.10034517906,-5.34632606884,2.62194900484,-0.0,5.34632606884,1.2
33.40806,2.92063556841,-0.304877791261,0,-2.92063556841,-1.18063794557,8.53657815531,0,1.18063794557,-5.732566779,5.24389800969,-0.0,5.732566779,1.2
33.505991,3.32444458018,1.70731563106,0,-3.32444458018,-1.57675050682,-14.6951095388,0,1.57675050682,-6.1569280967,3.78048461164,-0.0,6.1569280967,1.2
33.604135,3.58838042748,5.06097133493,0,-3.58838042748,-1.6282717302,2.56097344659,0,1.6282717302,-6.51824602769,2.98780235436,-0.0,6.51824602769,1.2
33.702564,3.40744866899,-1.64634007281,0,-3.40744866899,-1.69983250765,0.365853349513,0,1.69983250765,-6.80265423229,3.04877791261,-0.0,6.80265423229,1.2
33.800601,3.27582947457,1.2804867233,0,-3.27582947457,-1.57534630244,2.62194900484,0,1.57534630244,-7.15268609163,2.19512009708,-0.0,7.15268609163,1.2
33.898648,3.19942343788,-4.39024019416,0,-3.19942343788,-1.63052474381,-3.17072902911,0,1.63052474381,-7.40539539284,2.62194900484,-0.0,7.40539539284,1.2
33.996757,3.31466106919,-0.853657815531,0,-3.31466106919,-1.75025001688,-6.70731140774,0,1.75025001688,-7.66829813686,2.98780235436,-0.0,7.66829813686,1.2
34.094742,3.46816752272,4.26828907765,0,-3.46816752272,-1.73607458064,2.37804677184,0,1.73607458064,-7.88907786845,2.37804677184,-0.0,7.88907786845,1.2
34.192802,3.57108773429,1.95121786407,0,-3.57108773429,-1.7646898901,0.0,0,1.7646898901,-8.07085714499,2.49999788834,-0.0,8.07085714499,1.2
34.290827,3.55391363716,-3.71950905338,0,-3.55391363716,-1.71537431866,-0.731706699026,0,1.71537431866,-8.21318294363,3.10975347086,-0.0,8.21318294363,1.2
34.389102,3.52438911976,1.03658449029,0,-3.52438911976,-1.6702301062,1.52438895631,0,1.6702301062,-8.34096691065,2.07316898057,-0.0,8.34096691065,1.2
34.487118,3.41304790801,4.87804466018,0,-3.41304790801,-1.57597555736,2.43902233009,0,1.57597555736,-8.40634936202,-0.0609755582522,-0.0,8.40634936202,1.2
34.585293,3.42335527011,2.98780235436,0,-3.42335527011,-1.50507664316,3.35365570387,0,1.50507664316,-8.4499265618,-0.182926674757,-0.0,8.4499265618,1.2
34.683508,3.39757172985,1.89024230582,0,-3.39757172985,-1.47677957436,1.4024378398,0,1.47677957436,-8.48067671584,-0.731706699026,-0.0,8.48067671584,1.2
34.781726,3.34593193994,0.182926674757,0,-3.34593193994,-1.42890008941,1.2804867233,0,1.42890008941,-8.52976151474,-0.426828907765,-0.0,8.52976151474,1.2
34.879856,3.35410327296,4.2073135194,0,-3.35410327296,-1.40371927892,-0.670731140774,0,1.40371927892,-8.50782105468,1.2804867233,-0.0,8.50782105468,1.2
34.978283,3.38101693702,-1.21951116504,0,-3.38101693702,-1.42369884082,3.23170458737,0,1.42369884082,-8.46876088884,2.19512009708,-0.0,8.46876088884,1.2
35.076987,3.55291029416,-1.09756004854,0,-3.55291029416,-1.62806223902,2.49999788834,0,1.62806223902,-8.43891215862,0.792682257279,-0.0,8.43891215862,1.2
35.175251,3.66515628507,-3.29268014562,0,-3.66515628507,-1.76161235453,2.37804677184,0,1.76161235453,-8.36279954201,-0.304877791261,-0.0,8.36279954201,1.2
35.273121,3.71135418956,-1.89024230582,0,-3.71135418956,-1.82833919633,0.243902233009,0,1.82833919633,-8.26814219092,-2.37804677184,-0.0,8.26814219092,1.2
35.371112,3.73108746448,-1.03658449029,0,-3.73108746448,-1.78979405214,1.89024230582,0,1.78979405214,-8.18989223696,-0.304877791261,-0.0,8.18989223696,1.2
35.469137,3.65887671221,1.09756004854,-15,-18.6588767122,-1.74648192391,0.243902233009,15,16.7464819239,-8.09644865182,0.609755582522,-0.0,8.09644865182,1.2
35.567155,3.22219922843,-8.59755371356,-15,-18.2221992284,-1.63456750035,6.82926252425,15,16.6345675003,-7.99511803864,-0.670731140774,-0.0,7.99511803864,1.2
35.665283,2.1595855003,-18.6585208252,-15,-17.1595855003,-0.696230503579,13.9024272815,15,15.6962305036,-7.94492001402,-0.182926674757,-0.0,7.94492001402,1.2
35.763382,0.261037085405,-19.0243741747,-15,-15.2610370854,1.12818830089,25.4268077912,15,13.8718116991,-7.83603059703,-0.0609755582522,-0.0,7.83603059703,1.2
35.861142,-2.18552022765,-26.8902211892,-15,-12.8144797723,3.55159247354,28.3536345873,15,11.4484075265,-7.68669107841,1.09756004854,-0.0,7.68669107841,1.2
35.958984,-4.80876639654,-30.4877791261,-15,-10.1912336035,6.09439886351,22.0731520873,15,8.90560113649,-7.3367640161,0.121951116504,-0.0,7.3367640161,1.2
36.057366,-7.12292991345,-17.8658385679,-15,-7.87707008655,8.43742913164,19.8780319902,15,6.56257086836,-6.90404077462,-1.46341339805,-0.0,6.90404077462,1.2
36.155595,-8.65014817297,-12.7438916747,-15,-6.34985182703,10.0008507977,14.6341339805,15,4.9991492023,-6.46725997823,-0.487804466018,-0.0,6.46725997823,1.2
36.253952,-9.16624173608,-5.6097513592,-15,-5.83375826392,10.5187007018,4.39024019416,15,4.48129929821,-6.19608574504,-1.09756004854,-0.0,6.19608574504,1.2
36.352101,-8.74079020785,8.53657815531,-15,-6.25920979215,9.95533617407,-15.4268162378,15,5.04466382593,-6.06171462226,-2.8048756796,-0.0,6.06171462226,1.2
36.450267,-7.74277380823,7.31706699026,-15,-7.25722619177,9.12625460502,-8.96340706307,15,5.87374539498,-6.00649289958,-2.62194900484,-0.0,6.00649289958,1.2
36.548426,-6.88044429699,4.57316686892,-15,-8.11955570301,8.37509953828,-8.23170036405,15,6.62490046172,-5.79731591296,-3.41463126212,-0.0,5.79731591296,1.2
36.646579,-6.30480102124,0.243902233009,-15,-8.69519897876,7.86524937816,-3.59755793688,15,7.13475062184,-5.58355267341,-2.6829245631,-0.0,5.58355267341,1.2
36.744696,-5.79518792177,7.74389589803,-15,-9.20481207823,7.44932275949,-5.18292245144,15,7.55067724051,-5.42879592914,-2.92682679611,-0.0,5.42879592914,1.2
36.842991,-6.04657390434,-6.15853138347,-15,-8.95342609566,7.63794660854,4.39024019416,15,7.36205339146,-5.17564488028,-1.4024378398,-0.0,5.17564488028,1.2
36.940738,-6.2990808269,-4.99999577668,-15,-8.7009191731,7.88889582129,2.25609565533,15,7.11110417871,-4.97189873238,-1.03658449029,-0.0,4.97189873238,1.2
37.038918,-6.64776228379,0.243902233009,-15,-8.35223771621,7.96209119575,-2.01219342232,15,7.03790880425,-4.7664456648,-0.304877791261,-0.0,4.7664456648,1.2
37.136807,-6.69629447181,1.34146228155,-15,-8.30370552819,7.8426830408,2.86585123785,15,7.1573169592,-4.59048583321,-1.70731563106,-0.0,4.59048583321,1.2
37.234987,-6.43162663693,-0.792682257279,-15,-8.56837336307,7.76300962718,-6.52438473299,15,7.23699037282,-4.40262032993,-0.365853349513,-0.0,4.40262032993,1.2
37.333512,-6.3361766574,3.90243572814,-15,-8.6638233426,7.83255234061,1.64634007281,15,7.16744765939,-4.17636073364,-3.47560682038,-0.0,4.17636073364,1.2
37.431652,-6.50979092897,-2.92682679611,-15,-8.49020907103,7.77475320528,-3.47560682038,15,7.22524679472,-3.98819402355,-2.43902233009,-0.0,3.98819402355,1.2
37.529789,-6.52443746672,0.54878002427,-15,-8.47556253328,7.55000895811,-0.243902233009,15,7.44999104189,-3.87109125113,-0.426828907765,-0.0,3.87109125113,1.2
37.627804,-6.55012612241,0.914633373783,-15,-8.44987387759,7.67819613595,1.15853560679,15,7.32180386405,-3.59599021357,-2.6829245631,-0.0,3.59599021357,1.2
37.725878,-6.4892478559,0.609755582522,-15,-8.5107521441,7.53874931382,-0.54878002427,15,7.46125068618,-3.50676207809,-0.121951116504,-0.0,3.50676207809,1.2
37.82406,-6.35713544347,-1.15853560679,-15,-8.64286455653,7.44169648285,-1.89024230582,15,7.55830351715,-3.36033889374,-1.70731563106,-0.0,3.36033889374,1.2
37.921969,-6.31631255213,1.89024230582,-15,-8.68368744787,7.30398963867,4.14633796115,15,7.69601036133,-3.36426708048,0.487804466018,-0.0,3.36426708048,1.2
38.019574,-6.47162386397,-4.0853624029,-15,-8.52837613603,7.3652545466,-2.8048756796,15,7.6347454534,-3.36456123971,0.54878002427,-0.0,3.36456123971,1.2
38.117411,-6.62339040226,-0.609755582522,-15,-8.37660959774,7.51757385498,4.02438684465,15,7.48242614502,-3.36499049396,-0.731706699026,-0.0,3.36499049396,1.2
38.215447,-6.54877759482,-0.731706699026,-15,-8.45122240518,7.46041708459,-1.95121786407,15,7.53958291541,-3.32183538182,0.731706699026,-0.0,3.32183538182,1.2
38.313631,-6.51073372084,1.89024230582,-15,-8.48926627916,7.21675205511,-2.6829245631,15,7.78324794489,-3.29881982172,-1.15853560679,-0.0,3.29881982172,1.2
38.411678,-6.50590455897,0.609755582522,-15,-8.49409544103,7.1256531484,-0.853657815531,15,7.8743468516,-3.33459232459,0.853657815531,-0.0,3.33459232459,1.2
38.510063,-6.54730026662,-3.29268014562,-15,-8.45269973338,7.08180966133,-1.15853560679,15,7.91819033867,-3.43396170215,2.62194900484,-0.0,3.43396170215,1.2
38.607992,-6.57962746017,2.01219342232,-15,-8.42037253983,7.193104756,-1.58536451456,15,7.806895244,-3.47698015992,0.426828907765,-0.0,3.47698015992,1.2
38.705875,-6.72774327454,-1.09756004854,-15,-8.27225672546,7.34117520684,-3.23170458737,15,7.65882479316,-3.51179492796,-0.182926674757,-0.0,3.51179492796,1.2
38.803829,-6.70683603248,-2.25609565533,-15,-8.29316396752,7.26701285983,2.74390012135,15,7.73298714017,-3.54759729947,-1.21951116504,-0.0,3.54759729947,1.2
38.901691,-6.60730315268,5.73170247571,-15,-8.39269684732,7.08401386339,2.01219342232,15,7.91598613661,-3.61775557128,0.487804466018,-0.0,3.61775557128,1.2
38.999547,-6.73672230919,-0.487804466018,-15,-8.26327769081,6.86625832233,-6.09755582522,15,8.13374167767,-3.72304225701,1.15853560679,-0.0,3.72304225701,1.2
39.097732,-6.71283908709,2.62194900484,-15,-8.28716091291,6.91474367645,0.731706699026,15,8.08525632355,-3.84244304714,-0.609755582522,-0.0,3.84244304714,1.2
39.195833,-6.76654808483,0.182926674757,-15,-8.23345191517,6.9763189534,1.64634007281,15,8.0236810466,-3.98225761182,1.89024230582,-0.0,3.98225761182,1.2
39.294259,-6.8795859125,-2.25609565533,-15,-8.1204140875,7.05918304275,-3.47560682038,15,7.94081695725,-4.1110368507,2.49999788834,-0.0,4.1110368507,1.2
39.3926,-6.77662914548,0.121951116504,-15,-8.22337085452,7.08657829298,3.04877791261,15,7.91342170702,-4.25474249532,1.89024230582,-0.0,4.25474249532,1.2
39.490494,-6.69515392825,-0.54878002427,-15,-8.30484607175,6.89021756727,-4.45121575241,15,8.10978243273,-4.37466099414,1.15853560679,-0.0,4.37466099414,1.2
39.588622,-6.58997969942,-2.19512009708,-15,-8.41002030058,6.87357125906,3.71950905338,15,8.12642874094,-4.49572112147,0.609755582522,-0.0,4.49572112147,1.2
39.686584,-6.72658810599,2.13414453883,-15,-8.27341189401,7.02085088695,0.792682257279,15,7.97914911305,-4.58716921982,2.37804677184,-0.0,4.58716921982,1.2
39.785023,-6.84208804708,-2.25609565533,-15,-8.15791195292,6.9849067893,-2.92682679611,15,8.0150932107,-4.77264287529,2.07316898057,-0.0,4.77264287529,1.2
39.883411,-6.71072609894,2.8048756796,-15,-8.28927390106,7.0242507782,2.19512009708,15,7.9757492218,-4.92408145922,2.19512009708,-0.0,4.92408145922,1.2
39.981314,-6.55305072125,1.09756004854,-15,-8.44694927875,6.92365273993,-5.73170247571,15,8.07634726007,-5.01834044022,0.975608932035,-0.0,5.01834044022,1.2
40.079471,-6.56588711332,0.304877791261,-15,-8.43411288668,7.09939374671,4.0853624029,15,7.90060625329,-5.16913527024,2.86585123785,-0.0,5.16913527024,1.2
40.177423,-6.45242417167,1.34146228155,-15,-8.54757582833,7.14299472029,-4.45121575241,15,7.85700527971,-5.31578730743,0.853657815531,-0.0,5.31578730743,1.2
40.27538,-6.36835363143,-1.64634007281,-15,-8.63164636857,7.11957615581,2.74390012135,15,7.88042384419,-5.47684796071,2.92682679611,-0.0,5.47684796071,1.2
40.37325,-6.37255480917,-0.670731140774,-15,-8.62744519083,6.99977672541,-4.57316686892,15,8.00022327459,-5.67227702748,0.975608932035,-0.0,5.67227702748,1.2
40.471362,-6.51495814654,3.23170458737,-15,-8.48504185346,6.96108841622,2.19512009708,15,8.03891158378,-5.82754412483,1.95121786407,-0.0,5.82754412483,1.2
40.569516,-6.47032758461,-4.51219131066,-15,-8.52967241539,6.98064639752,-1.70731563106,15,8.01935360248,-5.89682553568,1.82926674757,-0.0,5.89682553568,1.2
40.667528,-6.34742315983,3.65853349513,-15,-8.65257684017,6.90957121092,1.03658449029,15,8.09042878908,-6.01714737431,2.13414453883,-0.0,6.01714737431,1.2
40.766082,-6.45199101977,-2.98780235436,-15,-8.54800898023,6.7999889204,0.487804466018,15,8.2000110796,-6.14957791814,0.609755582522,-0.0,6.14957791814,1.2
40.864051,-6.30022406166,2.86585123785,-15,-8.69977593834,6.87482416373,-3.96341128639,15,8.12517583627,-6.2974089692,1.46341339805,-0.0,6.2974089692,1.2
40.962532,-6.24727018318,0.609755582522,-15,-8.75272981682,6.88603516853,1.2804867233,15,8.11396483147,-6.40915902855,2.13414453883,-0.0,6.40915902855,1.2
41.060868,-6.32809213105,0.853657815531,-15,-8.67190786895,6.89379005119,-1.58536451456,15,8.10620994881,-6.53593163927,1.34146228155,-0.0,6.53593163927,1.2
41.158998,-6.33264542924,4.45121575241,-15,-8.66735457076,6.91246976853,-2.49999788834,15,8.08753023147,-6.6815794422,0.670731140774,-0.0,6.6815794422,1.2
41.257217,-6.38654579826,-4.99999577668,-15,-8.61345420174,6.89817509626,-1.70731563106,15,8.10182490374,-6.82150589955,1.58536451456,-0.0,6.82150589955,1.2
41.355281,-6.29866155341,3.71950905338,-15,-8.70133844659,6.82652560722,0.365853349513,15,8.17347439278,-6.95052877625,0.853657815531,-0.0,6.95052877625,1.2
41.453604,-6.25895531303,6.82926252425,-15,-8.74104468697,6.85584453585,-0.731706699026,15,8.14415546415,-7.07541904141,0.54878002427,-0.0,7.07541904141,1.2
41.552006,-6.27879726235,-4.93902021843,-15,-8.72120273765,6.7926973074,-3.84146016989,15,8.2073026926,-7.20147203257,2.13414453883,-0.0,7.20147203257,1.2
41.65014,-6.19672005065,-2.01219342232,-15,-8.80327994935,6.87599856523,1.95121786407,15,8.12400143477,-7.30190664962,2.25609565533,-0.0,7.30190664962,1.2
41.747996,-6.06114221079,7.25609143201,-15,-8.93885778921,6.9004757164,3.65853349513,15,8.0995242836,-7.42645688917,-0.243902233009,-0.0,7.42645688917,1.2
41.846052,-6.09241667094,-1.82926674757,-15,-8.90758332906,6.8384787847,-5.30487356794,15,8.1615212153,-7.5258216631,0.609755582522,-0.0,7.5258216631,1.2
41.944087,-6.29574262754,-3.84146016989,-15,-8.70425737246,6.90230403464,-2.8048756796,15,8.09769596536,-7.62374268461,1.70731563106,-0.0,7.62374268461,1.2
42.04241,-6.30207726292,1.58536451456,-15,-8.69792273708,6.82573362693,4.63414242717,15,8.17426637307,-7.72630484988,0.182926674757,-0.0,7.72630484988,1.2
42.140677,-6.38310123375,0.670731140774,-15,-8.61689876625,6.78211444249,1.34146228155,15,8.21788555751,-7.8286242748,0.243902233009,-0.0,7.8286242748,1.2
42.238811,-6.37533140307,5.36584912619,-15,-8.62466859693,6.66333003136,-6.95121364075,15,8.33666996864,-7.92393198261,-0.54878002427,-0.0,7.92393198261,1.2
42.337128,-6.4194221406,2.92682679611,-15,-8.5805778594,6.60400834906,-2.01219342232,15,8.39599165094,-8.01395392559,0.609755582522,-0.0,8.01395392559,1.2
42.435511,-6.49101828361,-6.8902380825,-15,-8.50898171639,6.61506323522,-5.79267803396,15,8.38493676478,-8.04449062896,0.54878002427,-0.0,8.04449062896,1.2
42.533575,-6.59243184462,-4.63414242717,-15,-8.40756815538,6.55329769917,-2.86585123785,15,8.44670230083,-8.10582689269,1.76829118931,-0.0,8.10582689269,1.2
42.631733,-6.5997758181,2.98780235436,-15,-8.4002241819,6.54570499653,4.57316686892,15,8.45429500347,-8.19276162016,2.43902233009,-0.0,8.19276162016,1.2
42.729883,-6.58898080737,3.84146016989,-15,-8.41101919263,6.47979248337,6.03658026697,15,8.52020751663,-8.27440480502,0.853657815531,-0.0,8.27440480502,1.2
42.827956,-6.59015402232,-4.81706910192,-15,-8.40984597768,6.41528185364,0.914633373783,15,8.58471814636,-8.33648996083,1.89024230582,-0.0,8.33648996083,1.2
42.92617,-6.54359653565,-0.54878002427,-15,-8.45640346435,6.51308356389,0.304877791261,15,8.48691643611,-8.41056487325,1.03658449029,-0.0,8.41056487325,1.2
43.024367,-6.53059902614,3.17072902911,-15,-8.46940097386,6.44178674078,5.73170247571,15,8.55821325922,-8.48164634442,0.426828907765,-0.0,8.48164634442,1.2
43.122774,-6.50075100224,-0.426828907765,-15,-8.49924899776,6.26134040773,0.792682257279,15,8.73865959227,-8.55001339123,0.304877791261,-0.0,8.55001339123,1.2
43.22097,-6.4563021063,5.54877580095,-15,-8.5436978937,6.15252857421,-1.03658449029,15,8.84747142579,-8.60565107654,-0.0609755582522,-0.0,8.60565107654,1.2
43.319159,-6.46596985081,4.99999577668,-15,-8.53403014919,6.26782537765,4.2073135194,15,8.73217462235,-8.64255012499,-0.182926674757,-0.0,8.64255012499,1.2
43.417448,-6.58635427899,-6.64633584949,-15,-8.41364572101,6.25311652951,-1.03658449029,15,8.74688347049,-8.72519513915,0.731706699026,-0.0,8.72519513915,1.2
43.515956,-6.70424685421,-2.92682679611,-15,-8.29575314579,6.40344702529,-1.15853560679,15,8.59655297471,-8.77759161671,0.0,-0.0,8.77759161671,1.2
43.614288,-6.81195462342,2.8048756796,-15,-8.18804537658,6.40369351814,3.47560682038,15,8.59630648186,-8.83103479523,1.64634007281,-0.0,8.83103479523,1.2
43.712478,-6.6386466865,4.26828907765,-15,-8.3613533135,6.29414353159,2.86585123785,15,8.70585646841,-8.88723644765,0.304877791261,-0.0,8.88723644765,1.2
43.810829,-6.65615293835,-0.670731140774,-15,-8.34384706165,6.16175921864,-0.0609755582522,15,8.83824078136,-8.95799840082,1.15853560679,-0.0,8.95799840082,1.2
43.908842,-6.54885508247,0.975608932035,-15,-8.45114491753,6.14437598837,-0.365853349513,15,8.85562401163,-8.9742077022,0.243902233009,-0.0,8.9742077022,1.2
44.006789,-6.52665100222,1.2804867233,-15,-8.47334899778,6.10432482314,5.67072691745,15,8.89567517686,-9.01462323661,0.975608932035,-0.0,9.01462323661,1.2
44.105095,-6.62155726799,-4.69511798542,-15,-8.37844273201,6.05231843931,0.975608932035,15,8.94768156069,-9.05501742859,0.54878002427,-0.0,9.05501742859,1.2
44.203302,-6.62053681297,-2.43902233009,-15,-8.37946318703,5.91940045164,-0.487804466018,15,9.08059954836,-9.11461210718,2.56097344659,-0.0,9.11461210718,1.2
44.301898,-6.6237093647,5.4878002427,-15,-8.3762906353,5.954305093,4.69511798542,15,9.045694907,-9.1327252411,0.54878002427,-0.0,9.1327252411,1.2
44.40011,-6.459239417,3.47560682038,-15,-8.540760583,5.98060536236,1.09756004854,15,9.01939463764,-9.14790094844,1.21951116504,-0.0,9.14790094844,1.2
44.498137,-6.57149558463,-0.914633373783,-15,-8.42850441537,6.07783235246,-3.71950905338,15,8.92216764754,-9.15889471422,1.34146228155,-0.0,9.15889471422,1.2
44.596522,-6.58363275954,1.21951116504,-15,-8.41636724046,6.1848792824,-4.69511798542,15,8.8151207176,-9.12797619725,-0.670731140774,-0.0,9.12797619725,1.2
44.694688,-6.62330867212,2.6829245631,-15,-8.37669132788,6.14439073238,-4.32926463591,15,8.85560926762,-9.10795536725,-0.304877791261,-0.0,9.10795536725,1.2
44.792738,-6.67851401372,-3.17072902911,-15,-8.32148598628,6.01840043486,-5.24389800969,15,8.98159956514,-9.07957581068,-1.15853560679,-0.0,9.07957581068,1.2
44.890639,-6.63416245858,-2.8048756796,-15,-8.36583754142,6.04271966297,-5.30487356794,15,8.95728033703,-9.058257943,-0.243902233009,-0.0,9.058257943,1.2
44.988688,-6.59094846915,4.87804466018,-15,-8.40905153085,6.0677224456,2.37804677184,15,8.9322775544,-9.08212810662,0.0609755582522,-0.0,9.08212810662,1.2
45.086768,-6.64261763276,3.10975347086,-15,-8.35738236724,6.13588827454,0.731706699026,15,8.86411172546,-9.00982832299,-0.853657815531,-0.0,9.00982832299,1.2
45.184888,-6.71363726085,-1.70731563106,0,6.71363726085,6.13587440146,-1.52438895631,0,-6.13587440146,-8.9948563124,-0.304877791261,-0.0,8.9948563124,1.2
45.283092,-6.24042100612,5.42682468445,0,6.24042100612,5.87930314133,-9.08535817958,0,-5.87930314133,-9.02189256748,0.304877791261,-0.0,9.02189256748,1.2
45.381588,-5.25560336126,13.2316961407,0,5.25560336126,5.07023617366,-3.90243572814,0,-5.07023617366,-9.1154567232,-0.609755582522,-0.0,9.1154567232,1.2
45.4794,-3.84958380456,12.1341360922,0,3.84958380456,3.65827235199,-14.512182864,0,-3.65827235199,-9.13085339168,1.52438895631,-0.0,9.13085339168,1.2
45.577729,-2.5441630837,11.5853560679,0,2.5441630837,2.29915417466,-15.5487673543,0,-2.29915417466,-9.10997787489,0.365853349513,-0.0,9.10997787489,1.2
45.675964,-0.841061352987,21.7072987378,0,0.841061352987,0.449057665194,-25.4877833494,0,-0.449057665194,-9.03236534195,-2.6829245631,-0.0,9.03236534195,1.2
45.774105,0.659265304526,10.2438937864,0,-0.659265304526,-0.935501412797,-7.012189199,0,0.935501412797,-8.84091365305,1.21951116504,-0.0,8.84091365305,1.2
45.872111,1.68842892632,5.30487356794,0,-1.68842892632,-2.14511639271,-15.9755962621,0,2.14511639271,-8.67906304397,-2.6829245631,-0.0,8.67906304397,1.2
45.970274,2.2669204483,-0.914633373783,0,-2.2669204483,-2.60638228821,-8.35365148055,0,2.60638228821,-8.56585765815,0.0,-0.0,8.56585765815,1.2
46.068362,2.10002793132,-3.29268014562,0,-2.10002793132,-2.4837061739,4.2073135194,0,2.4837061739,-8.50302879103,-1.15853560679,-0.0,8.50302879103,1.2
46.166514,1.44136318976,-9.39023597084,0,-1.44136318976,-1.86277423937,6.64633584949,0,1.86277423937,-8.50334293156,-0.487804466018,-0.0,8.50334293156,1.2
46.264913,0.993495992081,-5.06097133493,0,-0.993495992081,-1.3517852982,5.91462915046,0,1.3517852982,-8.57187087182,1.4024378398,-0.0,8.57187087182,1.2
46.362924,0.759744471396,2.6829245631,0,-0.759744471396,-1.24052550874,-4.2073135194,0,1.24052550874,-8.49736278242,-3.10975347086,-0.0,8.49736278242,1.2
46.46098,0.683346955668,1.2804867233,0,-0.683346955668,-1.39307523245,-2.25609565533,0,1.39307523245,-8.35542626961,-1.64634007281,-0.0,8.35542626961,1.2
46.559238,0.830280471772,3.59755793688,0,-0.830280471772,-1.82288435102,-0.182926674757,0,1.82288435102,-8.16224040324,-2.07316898057,-0.0,8.16224040324,1.2
46.657302,0.993822752758,3.17072902911,0,-0.993822752758,-2.00793464971,-6.76828696599,0,2.00793464971,-7.98765522459,-3.10975347086,-0.0,7.98765522459,1.2
46.755601,0.979036881949,-4.75609354367,0,-0.979036881949,-1.90678013181,-2.92682679611,0,1.90678013181,-7.9944950205,-0.426828907765,-0.0,7.9944950205,1.2
46.854242,0.784510790555,-2.43902233009,0,-0.784510790555,-1.71372912087,6.95121364075,0,1.71372912087,-7.99411980812,1.70731563106,-0.0,7.99411980812,1.2
46.952437,0.579813806649,-2.49999788834,0,-0.579813806649,-1.71008782399,4.75609354367,0,1.71008782399,-7.88474827714,-0.914633373783,-0.0,7.88474827714,1.2
47.050686,0.424776908541,5.06097133493,0,-0.424776908541,-1.65768093421,-4.93902021843,0,1.65768093421,-7.80750383378,-2.31707121358,-0.0,7.80750383378,1.2
47.148938,0.435157983852,4.39024019416,0,-0.435157983852,-1.66664726821,-0.731706699026,0,1.66664726821,-7.7245807925,-0.304877791261,-0.0,7.7245807925,1.2
47.246838,0.488610521183,-2.62194900484,0,-0.488610521183,-1.7296787598,-3.41463126212,0,1.7296787598,-7.72586735259,-0.609755582522,-0.0,7.72586735259,1.2
47.344952,0.334384304129,-1.09756004854,0,-0.334384304129,-1.70097104048,-0.609755582522,0,1.70097104048,-7.74471975124,-0.243902233009,-0.0,7.74471975124,1.2
47.442833,0.254212962267,-0.54878002427,0,-0.254212962267,-1.6370971005,4.39024019416,0,1.6370971005,-7.8546877572,3.10975347086,-0.0,7.8546877572,1.2
47.540952,0.31341875444,1.82926674757,0,-0.31341875444,-1.59541799908,3.10975347086,0,1.59541799908,-8.05154508863,1.64634007281,-0.0,8.05154508863,1.2
47.639138,0.243535307727,2.98780235436,0,-0.243535307727,-1.72012914343,-3.65853349513,0,1.72012914343,-8.11094195085,-1.95121786407,-0.0,8.11094195085,1.2
47.737592,0.454478233217,-3.47560682038,0,-0.454478233217,-1.87870320136,-7.13414031551,0,1.87870320136,-8.22433437268,2.62194900484,-0.0,8.22433437268,1.2
47.835356,0.821678504446,3.90243572814,0,-0.821678504446,-1.97010771061,1.34146228155,0,1.97010771061,-8.41362655258,2.37804677184,-0.0,8.41362655258,1.2
47.933476,0.821003651868,-0.792682257279,0,-0.821003651868,-1.9165724087,4.32926463591,0,1.9165724087,-8.64346468453,0.304877791261,-0.0,8.64346468453,1.2
48.031399,0.732964764712,-2.19512009708,0,-0.732964764712,-1.75676374595,0.670731140774,0,1.75676374595,-8.84921960351,2.07316898057,-0.0,8.84921960351,1.2
48.129474,0.900871643264,4.57316686892,0,-0.900871643264,-1.8181919727,0.243902233009,0,1.8181919727,-9.01180822477,-0.243902233009,-0.0,9.01180822477,1.2
48.227735,1.03958584403,-3.04877791261,0,-1.03958584403,-1.89217751055,-7.74389589803,0,1.89217751055,-9.21132824117,1.52438895631,-0.0,9.21132824117,1.2
48.325949,1.1221965267,-3.53658237863,0,-1.1221965267,-1.8553549452,-3.65853349513,0,1.8553549452,-9.40347815407,3.35365570387,-0.0,9.40347815407,1.2
48.424066,1.12676272676,1.21951116504,0,-1.12676272676,-1.79648972512,-4.63414242717,0,1.79648972512,-9.49579684262,0.182926674757,-0.0,9.49579684262,1.2
48.522236,0.873437466828,-0.914633373783,0,-0.873437466828,-1.54635508088,-2.86585123785,0,1.54635508088,-9.54962397508,2.43902233009,-0.0,9.54962397508,1.2
48.620627,0.952240131513,1.2804867233,0,-0.952240131513,-1.60400014245,-1.46341339805,0,1.60400014245,-9.6702331206,1.09756004854,-0.0,9.6702331206,1.2
48.718464,1.06017444485,-6.34145805823,0,-1.06017444485,-1.58338909447,-4.0853624029,0,1.58338909447,-9.71608603798,1.34146228155,-0.0,9.71608603798,1.2
48.816419,1.05130599416,-4.26828907765,0,-1.05130599416,-1.61907970241,2.37804677184,0,1.61907970241,-9.72311629555,2.56097344659,-0.0,9.72311629555,1.2
48.91448,1.08928338155,-4.57316686892,0,-1.08928338155,-1.62131797407,-5.4878002427,0,1.62131797407,-9.66674808353,-2.56097344659,-0.0,9.66674808353,1.2
49.01258,1.14442515076,-0.975608932035,0,-1.14442515076,-1.50493581403,3.65853349513,0,1.50493581403,-9.62127536424,0.670731140774,-0.0,9.62127536424,1.2
49.110547,1.04158849761,-0.975608932035,0,-1.04158849761,-1.64081454646,-8.84145594657,0,1.64081454646,-9.50683743155,-1.21951116504,-0.0,9.50683743155,1.2
49.208941,1.01463096743,-3.84146016989,0,-1.01463096743,-1.44410291085,2.8048756796,0,1.44410291085,-9.49099557587,0.365853349513,-0.0,9.49099557587,1.2
49.307525,0.893299855009,-5.12194689319,0,-0.893299855009,-1.50720180053,-7.25609143201,0,1.50720180053,-9.38967080351,-0.426828907765,-0.0,9.38967080351,1.2
49.405549,1.00376380873,-4.69511798542,0,-1.00376380873,-1.38037781738,1.2804867233,0,1.38037781738,-9.34649073437,0.609755582522,-0.0,9.34649073437,1.2
49.503528,1.08000377669,-1.76829118931,0,-1.08000377669,-1.57763853807,-7.13414031551,0,1.57763853807,-9.19759715672,-1.89024230582,-0.0,9.19759715672,1.2
49.601583,1.15034195682,3.23170458737,0,-1.15034195682,-1.46534743067,-4.02438684465,0,1.46534743067,-9.2066389356,2.01219342232,-0.0,9.2066389356,1.2
49.699548,1.14715286848,3.65853349513,0,-1.14715286848,-1.66096629687,-7.68292033978,0,1.66096629687,-9.01376174479,-4.45121575241,-0.0,9.01376174479,1.2
49.797733,1.17971408085,-5.97560470872,0,-1.17971408085,-1.63721792241,0.670731140774,0,1.63721792241,-8.92768880426,0.609755582522,-0.0,8.92768880426,1.2
49.895879,1.27352917124,-2.13414453883,0,-1.27352917124,-1.61156089049,-2.01219342232,0,1.61156089049,-8.85940519504,-1.70731563106,-0.0,8.85940519504,1.2
49.994106,1.1308736642,-5.42682468445,0,-1.1308736642,-1.69248470331,-7.25609143201,0,1.69248470331,-8.66084079684,-1.03658449029,-0.0,8.66084079684,1.2
50.092287,1.26184178939,-0.121951116504,0,-1.26184178939,-1.59780659025,-1.21951116504,0,1.59780659025,-8.55458200134,-0.792682257279,-0.0,8.55458200134,1.2
50.190382,1.05012386636,2.01219342232,0,-1.05012386636,-1.49118156606,-4.02438684465,0,1.49118156606,-8.28536055363,-3.59755793688,-0.0,8.28536055363,1.2
50.288769,1.14656426625,-7.07316475726,0,-1.14656426625,-1.54462435106,-1.4024378398,0,1.54462435106,-8.20784189324,-0.365853349513,-0.0,8.20784189324,1.2
50.370724,1.24343605517,-0.853657815531,0,-1.24343605517,-1.62443097543,-2.56097344659,0,1.62443097543,-8.14856208321,2.19512009708,-0.0,8.14856208321,1.2
50.468452,1.42848330923,8.59755371356,0,-1.42848330923,-1.83782758236,-2.43902233009,0,1.83782758236,-7.92254413026,-4.32926463591,-0.0,7.92254413026,1.2
50.566089,1.29344219136,2.49999788834,0,-1.29344219136,-1.70605080117,-0.914633373783,0,1.70605080117,-7.64815539142,-4.51219131066,-0.0,7.64815539142,1.2
50.663834,0.9888399288,-1.89024230582,0,-0.9888399288,-1.50232344499,1.34146228155,0,1.50232344499,-7.43815938487,-0.304877791261,-0.0,7.43815938487,1.2
50.761755,0.956287936014,-2.19512009708,0,-0.956287936014,-1.43783686862,1.52438895631,0,1.43783686862,-7.26127929409,0.365853349513,-0.0,7.26127929409,1.2
50.859378,1.02672556562,1.89024230582,0,-1.02672556562,-1.36071772349,-6.58536029124,0,1.36071772349,-7.07657337376,-4.51219131066,-0.0,7.07657337376,1.2
50.957294,1.11197527094,-3.23170458737,0,-1.11197527094,-1.39658767715,-3.17072902911,0,1.39658767715,-6.89473943019,-3.17072902911,-0.0,6.89473943019,1.2
51.055252,0.938978847977,-0.304877791261,0,-0.938978847977,-1.27855195498,3.10975347086,0,1.27855195498,-6.66514944825,-2.92682679611,-0.0,6.66514944825,1.2
51.152957,0.635889386523,-0.487804466018,0,-0.635889386523,-1.18062836735,3.04877791261,0,1.18062836735,-6.37731434909,-3.71950905338,-0.0,6.37731434909,1.2
51.251041,0.498980973722,-5.30487356794,0,-0.498980973722,-1.08630768152,-3.59755793688,0,1.08630768152,-6.13319224372,-2.8048756796,-0.0,6.13319224372,1.2
51.349172,0.655977614123,3.35365570387,0,-0.655977614123,-1.20367400797,-4.45121575241,0,1.20367400797,-5.96871943678,-4.02438684465,-0.0,5.96871943678,1.2
51.44701,0.492548729806,-1.64634007281,0,-0.492548729806,-1.05780662263,2.01219342232,0,1.05780662263,-5.73513351372,-2.01219342232,-0.0,5.73513351372,1.2
51.544895,0.524299460336,-1.03658449029,0,-0.524299460336,-1.19814736982,-6.09755582522,0,1.19814736982,-5.55399277407,-2.01219342232,-0.0,5.55399277407,1.2
51.642648,0.547736230644,-0.0609755582522,0,-0.547736230644,-1.22495313065,-0.853657815531,0,1.22495313065,-5.38830205834,0.121951116504,-0.0,5.38830205834,1.2
51.740419,0.626618097438,1.46341339805,0,-0.626618097438,-1.18462735636,8.10974924754,0,1.18462735636,-5.20778243933,-0.487804466018,-0.0,5.20778243933,1.2
51.838252,0.653867928915,-3.29268014562,0,-0.653867928915,-1.18162763739,0.0609755582522,0,1.18162763739,-5.050797218,-1.4024378398,-0.0,5.050797218,1.2
51.936158,0.647431665144,4.81706910192,0,-0.647431665144,-1.17716702975,3.10975347086,0,1.17716702975,-4.90163656158,-3.23170458737,-0.0,4.90163656158,1.2
52.034097,0.532541353634,1.03658449029,0,-0.532541353634,-1.16142886798,-2.74390012135,0,1.16142886798,-4.76778059808,-0.792682257279,-0.0,4.76778059808,1.2
52.131954,0.477918020933,-1.15853560679,0,-0.477918020933,-1.1281969912,-1.34146228155,0,1.1281969912,-4.66206788798,-0.54878002427,-0.0,4.66206788798,1.2
52.22986,0.428192063618,4.2073135194,0,-0.428192063618,-1.03862512696,-0.914633373783,0,1.03862512696,-4.53905853236,-4.32926463591,-0.0,4.53905853236,1.2
52.327941,0.527867550735,-1.03658449029,0,-0.527867550735,-1.07363828961,-5.73170247571,0,1.07363828961,-4.4541844327,0.365853349513,-0.0,4.4541844327,1.2
52.425805,0.566399366509,3.10975347086,0,-0.566399366509,-1.10539147886,-0.670731140774,0,1.10539147886,-4.35213815035,-2.07316898057,-0.0,4.35213815035,1.2
52.523638,0.564720060266,1.46341339805,0,-0.564720060266,-1.15339110811,-9.14633373783,0,1.15339110811,-4.30503967795,-0.304877791261,-0.0,4.30503967795,1.2
52.62149,0.521592012246,-1.4024378398,0,-0.521592012246,-0.975510746125,5.18292245144,0,0.975510746125,-4.25487387264,-1.64634007281,-0.0,4.25487387264,1.2
52.719405,0.539733589144,1.76829118931,0,-0.539733589144,-1.03429066122,-7.25609143201,0,1.03429066122,-4.20216498644,-1.58536451456,-0.0,4.20216498644,1.2
52.817405,0.443820851258,-2.37804677184,0,-0.443820851258,-0.998037005412,4.2073135194,0,0.998037005412,-4.17535454987,0.426828907765,-0.0,4.17535454987,1.2
52.915416,0.430125586381,6.95121364075,0,-0.430125586381,-0.993698516421,-6.09755582522,0,0.993698516421,-4.19542699926,-1.09756004854,-0.0,4.19542699926,1.2
53.013391,0.367880471348,-3.47560682038,0,-0.367880471348,-0.861768811665,2.8048756796,0,0.861768811665,-4.21286454698,-0.54878002427,-0.0,4.21286454698,1.2
53.111658,0.560614230784,5.36584912619,0,-0.560614230784,-1.00434742283,2.8048756796,0,1.00434742283,-4.25741747969,0.54878002427,-0.0,4.25741747969,1.2
53.20965,0.512262603716,-6.09755582522,0,-0.512262603716,-0.931003870668,5.67072691745,0,0.931003870668,-4.31016325709,1.2804867233,-0.0,4.31016325709,1.2
53.307459,0.497584714107,5.18292245144,0,-0.497584714107,-0.884525968398,5.06097133493,0,0.884525968398,-4.346072611,0.182926674757,-0.0,4.346072611,1.2
53.405299,0.503301827116,-1.76829118931,0,-0.503301827116,-0.912122345615,-0.792682257279,0,0.912122345615,-4.38683346487,0.121951116504,-0.0,4.38683346487,1.2
53.503396,0.557140149183,3.41463126212,0,-0.557140149183,-0.933626648887,5.24389800969,0,0.933626648887,-4.46771924482,2.07316898057,-0.0,4.46771924482,1.2
53.60135,0.652437175217,-2.8048756796,0,-0.652437175217,-1.01029640383,0.0,0,1.01029640383,-4.55335119235,2.13414453883,-0.0,4.55335119235,1.2
53.699784,0.644969500145,6.03658026697,0,-0.644969500145,-0.986222403299,4.87804466018,0,0.986222403299,-4.64898255459,2.37804677184,-0.0,4.64898255459,1.2
53.797785,0.660353797102,-6.46340917473,0,-0.660353797102,-0.885441601405,2.31707121358,0,0.885441601405,-4.75160675368,2.31707121358,-0.0,4.75160675368,1.2
53.895224,0.730218133917,7.37804254852,0,-0.730218133917,-0.811775613809,5.36584912619,0,0.811775613809,-4.86025258729,1.03658449029,-0.0,4.86025258729,1.2
53.992513,0.610669759706,-3.65853349513,0,-0.610669759706,-0.800750668847,-1.52438895631,0,0.800750668847,-4.95659618864,0.609755582522,-0.0,4.95659618864,1.2
54.090114,0.668318528443,7.37804254852,0,-0.668318528443,-0.852330029488,-0.487804466018,0,0.852330029488,-5.05951816566,-1.4024378398,-0.0,5.05951816566,1.2
54.187734,0.637371402853,-3.41463126212,0,-0.637371402853,-0.81920555886,1.82926674757,0,0.81920555886,-5.21827084576,1.34146228155,-0.0,5.21827084576,1.2
54.285343,0.540151555989,0.365853349513,0,-0.540151555989,-0.681531385641,-2.43902233009,0,0.681531385641,-5.343256804,0.54878002427,-0.0,5.343256804,1.2
54.382978,0.435596566416,4.93902021843,0,-0.435596566416,-0.667599719707,-5.85365359221,0,0.667599719707,-5.45382203288,1.82926674757,-0.0,5.45382203288,1.2
54.480749,0.377282670588,-1.46341339805,0,-0.377282670588,-0.69127285093,-7.19511587376,0,0.69127285093,-5.57190304478,0.792682257279,-0.0,5.57190304478,1.2
54.578464,0.364566397104,-0.365853349513,0,-0.364566397104,-0.680159218786,3.65853349513,0,0.680159218786,-5.6912723733,1.21951116504,-0.0,5.6912723733,1.2
54.676244,0.294929890415,-6.09755582522,0,-0.294929890415,-0.702235982513,-1.4024378398,0,0.702235982513,-5.83704761596,2.86585123785,-0.0,5.83704761596,1.2
54.77437,0.311947303316,0.731706699026,0,-0.311947303316,-0.536867972325,-4.93902021843,0,0.536867972325,-5.95727990918,3.59755793688,-0.0,5.95727990918,1.2
54.867829,0.362008732783,4.51219131066,0,-0.362008732783,-0.562324236521,6.76828696599,0,0.562324236521,-5.99860153376,1.15853560679,-0.0,5.99860153376,1.2
54.965591,0.439723842312,-1.09756004854,0,-0.439723842312,-0.725122791115,-4.93902021843,0,0.725122791115,-6.13453331376,-0.121951116504,-0.0,6.13453331376,1.2
55.063056,0.477477916479,1.76829118931,0,-0.477477916479,-0.752543629775,-9.87804043686,0,0.752543629775,-6.24044290467,0.975608932035,-0.0,6.24044290467,1.2
55.160917,0.494508479268,1.89024230582,0,-0.494508479268,-0.673025124617,0.670731140774,0,0.673025124617,-6.39255060113,0.54878002427,-0.0,6.39255060113,1.2
55.258561,0.453633426451,-1.64634007281,0,-0.453633426451,-0.530654628714,2.19512009708,0,0.530654628714,-6.47719109154,0.853657815531,-0.0,6.47719109154,1.2
55.356191,0.530348573132,0.304877791261,0,-0.530348573132,-0.598417765928,-3.90243572814,0,0.598417765928,-6.63440112924,1.15853560679,-0.0,6.63440112924,1.2
55.453935,0.546054559704,-0.670731140774,0,-0.546054559704,-0.558567761051,0.54878002427,0,0.558567761051,-6.74617352764,3.78048461164,-0.0,6.74617352764,1.2
55.551831,0.462140578526,1.34146228155,0,-0.462140578526,-0.545411688627,0.182926674757,0,0.545411688627,-6.87023343639,-0.426828907765,-0.0,6.87023343639,1.2
55.649524,0.58828649467,3.17072902911,0,-0.58828649467,-0.536396053381,-1.46341339805,0,0.536396053381,-6.96052787171,0.243902233009,-0.0,6.96052787171,1.2
55.747087,0.659549030464,1.03658449029,0,-0.659549030464,-0.541596931547,-1.4024378398,0,0.541596931547,-7.12210072472,0.0609755582522,-0.0,7.12210072472,1.2
55.844758,0.434473095282,1.82926674757,0,-0.434473095282,-0.482737198008,2.07316898057,0,0.482737198008,-7.16924592459,1.09756004854,-0.0,7.16924592459,1.2
55.943194,0.694273211269,-3.23170458737,0,-0.694273211269,-0.632041413506,-3.29268014562,0,0.632041413506,-7.28370590083,3.41463126212,-0.0,7.28370590083,1.2
56.04119,0.831519685052,-1.46341339805,0,-0.831519685052,-0.646581835057,-5.91462915046,0,0.646581835057,-7.448275578,-0.0609755582522,-0.0,7.448275578,1.2
56.139718,0.741484872524,-5.30487356794,0,-0.741484872524,-0.525499842299,0.0609755582522,0,0.525499842299,-7.53395925021,1.15853560679,-0.0,7.53395925021,1.2
56.237864,0.588615868559,2.62194900484,0,-0.588615868559,-0.491455632062,1.70731563106,0,0.491455632062,-7.55124876975,0.182926674757,-0.0,7.55124876975,1.2
56.336023,0.719065244651,6.28048249998,0,-0.719065244651,-0.668614953747,-1.52438895631,0,0.668614953747,-7.57094808237,-1.09756004854,-0.0,7.57094808237,1.2
56.434368,0.957154519003,-1.76829118931,0,-0.957154519003,-0.786601726051,-1.03658449029,0,0.786601726051,-7.67006813773,0.0,-0.0,7.67006813773,1.2
56.532542,0.900232796451,5.4878002427,0,-0.900232796451,-0.650807961195,1.70731563106,0,0.650807961195,-7.75782939229,2.07316898057,-0.0,7.75782939229,1.2
56.63054,0.686888938372,2.8048756796,0,-0.686888938372,-0.526297235324,6.8902380825,0,0.526297235324,-7.82106991811,1.58536451456,-0.0,7.82106991811,1.2
56.728249,0.410160959918,2.01219342232,0,-0.410160959918,-0.334317287198,-0.670731140774,0,0.334317287198,-7.8980791671,0.487804466018,-0.0,7.8980791671,1.2
56.826154,0.259887109822,2.6829245631,0,-0.259887109822,-0.231547151523,-1.03658449029,0,0.231547151523,-7.99786009972,2.19512009708,-0.0,7.99786009972,1.2
56.924123,0.262955067048,2.19512009708,0,-0.262955067048,-0.114722318975,11.5243805097,0,0.114722318975,-8.07427105945,2.86585123785,-0.0,8.07427105945,1.2
57.022197,0.119507909228,0.853657815531,0,-0.119507909228,-0.000593305794176,1.34146228155,0,0.000593305794176,-8.14055891116,-0.426828907765,-0.0,8.14055891116,1.2
57.120076,0.282874292268,1.89024230582,0,-0.282874292268,-0.0229042925567,0.914633373783,0,0.0229042925567,-8.25518674619,2.43902233009,-0.0,8.25518674619,1.2
57.217953,0.623277448776,3.41463126212,0,-0.623277448776,-0.17657119225,-1.4024378398,0,0.17657119225,-8.42002526209,-0.182926674757,-0.0,8.42002526209,1.2
57.316105,0.79276476303,-9.14633373783,0,-